4, 1, 2, 0, 0, 1, 0.599733333333333, 1
4, 2, 2, 0, 0, 1, 0.825066666666667, 1
4, 3, 2, 0, 0, 1, 0.230933333333333, 1
4, 4, 2, 0, 1, 0, 0.00173333333333333, 1
4, 5, 2, 0, 0, 1, 0.510533333333333, 1
4, 6, 2, 0, 1, 0, 0.0396, 1
4, 7, 2, 0, 0, 1, 0.4712, 1
4, 8, 2, 0, 0, 1, 0.107466666666667, 1
4, 9, 2, 0, 0, 1, 0.750266666666667, 1
4, 10, 2, 0, 0, 1, 0.890133333333333, 1
4, 11, 2, 0, 0, 1, 0.5272, 1
4, 12, 2, 0, 0, 1, 0.899866666666667, 1
4, 13, 2, 0, 0, 1, 0.3184, 1
4, 14, 2, 0, 0, 1, 0.6512, 1
4, 15, 2, 0, 0, 1, 0.282666666666667, 1
4, 16, 2, 0, 0, 1, 0.387333333333333, 1
4, 17, 2, 0, 0, 1, 0.855733333333333, 1
4, 18, 2, 0, 0, 1, 0.345066666666667, 1
4, 19, 2, 0, 0, 1, 0.805333333333333, 1
4, 20, 2, 0, 0, 1, 0.7636, 1
4, 21, 2, 0, 0, 1, 0.1628, 1
4, 22, 2, 0, 1, 0, 0.0466666666666667, 1
4, 23, 2, 0, 0, 1, 0.307333333333333, 1
4, 24, 2, 0, 1, 0, 0.0276, 1
4, 25, 2, 0, 0, 1, 0.509066666666667, 1
4, 26, 2, 0, 0, 1, 0.466266666666667, 1
4, 27, 2, 0, 1, 0, 0.014, 1
4, 28, 2, 0, 0, 1, 0.342133333333333, 1
4, 29, 2, 0, 0, 1, 0.676666666666667, 1
4, 30, 2, 0, 0, 1, 0.188933333333333, 1
4, 31, 2, 0, 0, 1, 0.183866666666667, 1
4, 32, 2, 0, 0, 1, 0.824666666666667, 1
4, 33, 2, 0, 0, 1, 0.0641333333333333, 1
4, 34, 2, 0, 0, 1, 0.588933333333333, 1
4, 35, 2, 0, 1, 0, 0.0268, 1
4, 36, 2, 1, 0, 0, 0.978, 1
4, 37, 2, 0, 0, 1, 0.927866666666667, 1
4, 38, 2, 1, 0, 0, 0.983333333333333, 1
4, 39, 2, 0, 0, 1, 0.405066666666667, 1
4, 40, 2, 0, 0, 1, 0.960533333333333, 1
4, 41, 2, 0, 0, 1, 0.5328, 1
4, 42, 2, 0, 0, 1, 0.478266666666667, 1
4, 43, 2, 0, 0, 1, 0.875466666666667, 1
4, 44, 2, 0, 0, 1, 0.822933333333333, 1
4, 45, 2, 0, 0, 1, 0.714, 1
4, 46, 2, 0, 0, 1, 0.766, 1
4, 47, 2, 0, 0, 1, 0.4732, 1
4, 48, 2, 0, 0, 1, 0.571333333333333, 1
4, 49, 2, 0, 0, 1, 0.3988, 1
4, 50, 2, 0, 0, 1, 0.440533333333333, 1
4, 51, 2, 0, 0, 1, 0.8936, 1
4, 52, 2, 0, 0, 1, 0.467066666666667, 1
4, 53, 2, 0, 0, 1, 0.2524, 1
4, 54, 2, 0, 0, 1, 0.834133333333333, 1
4, 55, 2, 0, 0, 1, 0.8972, 1
4, 56, 2, 0, 0, 1, 0.0596, 1
4, 57, 2, 0, 0, 1, 0.165733333333333, 1
4, 58, 2, 0, 1, 0, 0.0218666666666667, 1
4, 59, 2, 0, 0, 1, 0.369866666666667, 1
4, 60, 2, 0, 0, 1, 0.860933333333333, 1
4, 61, 2, 0, 0, 1, 0.133333333333333, 1
4, 62, 2, 0, 0, 1, 0.46, 1
4, 63, 2, 0, 0, 1, 0.889866666666667, 1
4, 64, 2, 0, 0, 1, 0.104133333333333, 1
4, 65, 2, 0, 0, 1, 0.914, 1
4, 66, 2, 0, 0, 1, 0.253066666666667, 1
4, 67, 2, 0, 0, 1, 0.0845333333333333, 1
4, 68, 2, 0, 0, 1, 0.6184, 1
4, 69, 2, 0, 0, 1, 0.7884, 1
4, 70, 2, 0, 1, 0, 0.0164, 1
4, 71, 2, 0, 0, 1, 0.692933333333333, 1
4, 72, 2, 0, 0, 1, 0.0876, 1
4, 73, 2, 0, 0, 1, 0.6592, 1
4, 74, 2, 0, 0, 1, 0.866, 1
4, 75, 2, 0, 0, 1, 0.3544, 1
4, 76, 2, 0, 1, 0, 0.0149333333333333, 1
4, 77, 2, 0, 0, 1, 0.2484, 1
4, 78, 2, 0, 0, 1, 0.585466666666667, 1
4, 79, 2, 0, 0, 1, 0.0970666666666667, 1
4, 80, 2, 0, 0, 1, 0.525733333333333, 1
4, 81, 2, 0, 0, 1, 0.746, 1
4, 82, 2, 0, 0, 1, 0.336133333333333, 1
4, 83, 2, 0, 0, 1, 0.691466666666667, 1
4, 84, 2, 0, 0, 1, 0.700133333333333, 1
4, 85, 2, 0, 0, 1, 0.227333333333333, 1
4, 86, 2, 0, 0, 1, 0.0890666666666667, 1
4, 87, 2, 0, 0, 1, 0.515466666666667, 1
4, 88, 2, 0, 1, 0, 0.0386666666666667, 1
4, 89, 2, 0, 1, 0, 0.0354666666666667, 1
4, 90, 2, 0, 0, 1, 0.6356, 1
4, 91, 2, 1, 0, 0, 0.978533333333333, 1
4, 92, 2, 0, 0, 1, 0.3492, 1
4, 93, 2, 0, 0, 1, 0.6464, 1
4, 94, 2, 0, 0, 1, 0.259333333333333, 1
4, 95, 2, 0, 0, 1, 0.471866666666667, 1
4, 96, 2, 0, 0, 1, 0.1664, 1
4, 97, 2, 0, 0, 1, 0.1748, 1
4, 98, 2, 0, 0, 1, 0.683866666666667, 1
4, 99, 2, 0, 0, 1, 0.228133333333333, 1
4, 100, 2, 0, 0, 1, 0.944666666666667, 1
4, 101, 2, 0, 0, 1, 0.460666666666667, 1
4, 102, 2, 0, 0, 1, 0.278266666666667, 1
4, 103, 2, 0, 0, 1, 0.714666666666667, 1
4, 104, 2, 0, 0, 1, 0.3664, 1
4, 105, 2, 0, 0, 1, 0.3336, 1
4, 106, 2, 0, 0, 1, 0.662, 1
4, 107, 2, 0, 0, 1, 0.266, 1
4, 108, 2, 0, 0, 1, 0.521733333333333, 1
4, 109, 2, 0, 0, 1, 0.526266666666667, 1
4, 110, 2, 0, 0, 1, 0.486666666666667, 1
4, 111, 2, 0, 0, 1, 0.6392, 1
4, 112, 2, 0, 0, 1, 0.4484, 1
4, 113, 2, 0, 0, 1, 0.7252, 1
4, 114, 2, 0, 0, 1, 0.551466666666667, 1
4, 115, 2, 0, 0, 1, 0.2544, 1
4, 116, 2, 0, 1, 0, 0.0290666666666667, 1
4, 117, 2, 0, 0, 1, 0.842, 1
4, 118, 2, 0, 0, 1, 0.945333333333333, 1
4, 119, 2, 0, 0, 1, 0.389333333333333, 1
4, 120, 2, 0, 0, 1, 0.0958666666666667, 1
4, 121, 2, 0, 0, 1, 0.704, 1
4, 122, 2, 0, 0, 1, 0.692266666666667, 1
4, 123, 2, 0, 0, 1, 0.0909333333333333, 1
4, 124, 2, 0, 0, 1, 0.7208, 1
4, 125, 2, 0, 0, 1, 0.6028, 1
4, 126, 2, 0, 0, 1, 0.956, 1
4, 127, 2, 0, 0, 1, 0.5256, 1
4, 128, 2, 0, 0, 1, 0.683866666666667, 1
4, 129, 2, 0, 0, 1, 0.736933333333333, 1
4, 130, 2, 0, 0, 1, 0.414666666666667, 1
4, 131, 2, 0, 1, 0, 0.0390666666666667, 1
4, 132, 2, 1, 0, 0, 0.976666666666667, 1
4, 133, 2, 0, 0, 1, 0.465733333333333, 1
4, 134, 2, 0, 0, 1, 0.3328, 1
4, 135, 2, 0, 0, 1, 0.364, 1
4, 136, 2, 0, 0, 1, 0.396933333333333, 1
4, 137, 2, 0, 0, 1, 0.277466666666667, 1
4, 138, 2, 0, 0, 1, 0.736933333333333, 1
4, 139, 2, 0, 0, 1, 0.5112, 1
4, 140, 2, 0, 0, 1, 0.536266666666667, 1
4, 141, 2, 0, 0, 1, 0.8736, 1
4, 142, 2, 0, 0, 1, 0.282933333333333, 1
4, 143, 2, 0, 0, 1, 0.454666666666667, 1
4, 144, 2, 0, 0, 1, 0.925466666666667, 1
4, 145, 2, 0, 0, 1, 0.0508, 1
4, 146, 2, 0, 0, 1, 0.2288, 1
4, 147, 2, 0, 0, 1, 0.350933333333333, 1
4, 148, 2, 0, 0, 1, 0.8592, 1
4, 149, 2, 0, 0, 1, 0.739333333333333, 1
4, 150, 2, 0, 0, 1, 0.808933333333333, 1
4, 151, 2, 0, 0, 1, 0.1292, 1
4, 152, 2, 0, 0, 1, 0.515866666666667, 1
4, 153, 2, 0, 0, 1, 0.676533333333333, 1
4, 154, 2, 0, 0, 1, 0.9024, 1
4, 155, 2, 0, 0, 1, 0.894666666666667, 1
4, 156, 2, 0, 0, 1, 0.900533333333333, 1
4, 157, 2, 0, 0, 1, 0.7596, 1
4, 158, 2, 0, 0, 1, 0.753333333333333, 1
4, 159, 2, 1, 0, 0, 0.989866666666667, 1
4, 160, 2, 0, 0, 1, 0.9708, 1
4, 161, 2, 0, 0, 1, 0.486, 1
4, 162, 2, 0, 0, 1, 0.602, 1
4, 163, 2, 0, 0, 1, 0.290933333333333, 1
4, 164, 2, 0, 0, 1, 0.223733333333333, 1
4, 165, 2, 0, 0, 1, 0.0548, 1
4, 166, 2, 0, 0, 1, 0.2656, 1
4, 167, 2, 0, 0, 1, 0.094, 1
4, 168, 2, 0, 0, 1, 0.7404, 1
4, 169, 2, 1, 0, 0, 0.994533333333333, 1
4, 170, 2, 0, 0, 1, 0.869733333333333, 1
4, 171, 2, 0, 0, 1, 0.0644, 1
4, 172, 2, 0, 0, 1, 0.348533333333333, 1
4, 173, 2, 0, 0, 1, 0.6256, 1
4, 174, 2, 0, 0, 1, 0.386666666666667, 1
4, 175, 2, 0, 0, 1, 0.5736, 1
4, 176, 2, 0, 0, 1, 0.8168, 1
4, 177, 2, 0, 0, 1, 0.821066666666667, 1
4, 178, 2, 0, 0, 1, 0.0554666666666667, 1
4, 179, 2, 0, 0, 1, 0.180933333333333, 1
4, 180, 2, 0, 0, 1, 0.738933333333333, 1
4, 181, 2, 0, 0, 1, 0.507866666666667, 1
4, 182, 2, 0, 0, 1, 0.959333333333333, 1
4, 183, 2, 0, 0, 1, 0.239466666666667, 1
4, 184, 2, 0, 0, 1, 0.8104, 1
4, 185, 2, 0, 0, 1, 0.730933333333333, 1
4, 186, 2, 0, 0, 1, 0.393333333333333, 1
4, 187, 2, 0, 0, 1, 0.2612, 1
4, 188, 2, 0, 0, 1, 0.2136, 1
4, 189, 2, 0, 0, 1, 0.889066666666667, 1
4, 190, 2, 0, 0, 1, 0.37, 1
4, 191, 2, 0, 0, 1, 0.769733333333333, 1
4, 192, 2, 0, 0, 1, 0.37, 1
4, 193, 2, 0, 0, 1, 0.269466666666667, 1
4, 194, 2, 0, 0, 1, 0.802266666666667, 1
4, 195, 2, 0, 0, 1, 0.5152, 1
4, 196, 2, 0, 0, 1, 0.135333333333333, 1
4, 197, 2, 0, 0, 1, 0.637733333333333, 1
4, 198, 2, 0, 0, 1, 0.7396, 1
4, 199, 2, 0, 0, 1, 0.4832, 1
4, 200, 2, 0, 0, 1, 0.0909333333333333, 1
4, 201, 2, 0, 0, 1, 0.2312, 1
4, 202, 2, 0, 0, 1, 0.6944, 1
4, 203, 2, 0, 0, 1, 0.46, 1
4, 204, 2, 0, 0, 1, 0.387866666666667, 1
4, 205, 2, 0, 0, 1, 0.844533333333333, 1
4, 206, 2, 0, 0, 1, 0.4, 1
4, 207, 2, 0, 0, 1, 0.405333333333333, 1
4, 208, 2, 0, 0, 1, 0.1272, 1
4, 209, 2, 0, 0, 1, 0.492266666666667, 1
4, 210, 2, 0, 0, 1, 0.873066666666667, 1
4, 211, 2, 0, 0, 1, 0.8476, 1
4, 212, 2, 0, 0, 1, 0.6532, 1
4, 213, 2, 0, 0, 1, 0.962933333333333, 1
4, 214, 2, 0, 0, 1, 0.484133333333333, 1
4, 215, 2, 0, 0, 1, 0.892933333333333, 1
4, 216, 2, 0, 0, 1, 0.0996, 1
4, 217, 2, 0, 0, 1, 0.791466666666667, 1
4, 218, 2, 0, 0, 1, 0.143066666666667, 1
4, 219, 2, 0, 1, 0, 0.0441333333333333, 1
4, 220, 2, 0, 0, 1, 0.0618666666666667, 1
4, 221, 2, 0, 1, 0, 0.0272, 1
4, 222, 2, 0, 0, 1, 0.0652, 1
4, 223, 2, 0, 0, 1, 0.526266666666667, 1
4, 224, 2, 0, 0, 1, 0.762, 1
4, 225, 2, 0, 0, 1, 0.5864, 1
4, 226, 2, 0, 0, 1, 0.958, 1
4, 227, 2, 0, 0, 1, 0.850933333333333, 1
4, 228, 2, 0, 0, 1, 0.785066666666667, 1
4, 229, 2, 0, 0, 1, 0.4956, 1
4, 230, 2, 0, 0, 1, 0.1868, 1
4, 231, 2, 0, 0, 1, 0.3412, 1
4, 232, 2, 0, 0, 1, 0.8428, 1
4, 233, 2, 0, 0, 1, 0.2348, 1
4, 234, 2, 0, 0, 1, 0.485733333333333, 1
4, 235, 2, 0, 0, 1, 0.771733333333333, 1
4, 236, 2, 0, 0, 1, 0.101733333333333, 1
4, 237, 2, 0, 0, 1, 0.362, 1
4, 238, 2, 0, 0, 1, 0.582266666666667, 1
4, 239, 2, 0, 0, 1, 0.272133333333333, 1
4, 240, 2, 0, 0, 1, 0.448933333333333, 1
4, 241, 2, 0, 0, 1, 0.310533333333333, 1
4, 242, 2, 0, 0, 1, 0.936, 1
4, 243, 2, 0, 0, 1, 0.559333333333333, 1
4, 244, 2, 0, 0, 1, 0.4884, 1
4, 245, 2, 0, 0, 1, 0.3752, 1
4, 246, 2, 0, 0, 1, 0.693866666666667, 1
4, 247, 2, 0, 1, 0, 0.0217333333333333, 1
4, 248, 2, 0, 0, 1, 0.581866666666667, 1
4, 249, 2, 0, 0, 1, 0.580266666666667, 1
4, 250, 2, 0, 0, 1, 0.566266666666667, 1
4, 251, 2, 0, 0, 1, 0.836, 1
4, 252, 2, 0, 0, 1, 0.7932, 1
4, 253, 2, 0, 0, 1, 0.474133333333333, 1
4, 254, 2, 0, 0, 1, 0.919466666666667, 1
4, 255, 2, 0, 0, 1, 0.51, 1
4, 256, 2, 0, 0, 1, 0.9364, 1
4, 257, 2, 0, 0, 1, 0.103866666666667, 1
4, 258, 2, 0, 0, 1, 0.8308, 1
4, 259, 2, 0, 0, 1, 0.428266666666667, 1
4, 260, 2, 0, 0, 1, 0.2872, 1
4, 261, 2, 0, 0, 1, 0.801066666666667, 1
4, 262, 2, 0, 0, 1, 0.5056, 1
4, 263, 2, 0, 0, 1, 0.797733333333333, 1
4, 264, 2, 0, 0, 1, 0.6444, 1
4, 265, 2, 0, 0, 1, 0.448666666666667, 1
4, 266, 2, 0, 0, 1, 0.499466666666667, 1
4, 267, 2, 0, 0, 1, 0.785333333333333, 1
4, 268, 2, 1, 0, 0, 0.998666666666667, 1
4, 269, 2, 0, 0, 1, 0.7348, 1
4, 270, 2, 0, 0, 1, 0.4412, 1
4, 271, 2, 0, 0, 1, 0.4152, 1
4, 272, 2, 0, 0, 1, 0.378, 1
4, 273, 2, 0, 0, 1, 0.446666666666667, 1
4, 274, 2, 0, 0, 1, 0.492266666666667, 1
4, 275, 2, 0, 0, 1, 0.2312, 1
4, 276, 2, 0, 0, 1, 0.966, 1
4, 277, 2, 0, 0, 1, 0.774133333333333, 1
4, 278, 2, 0, 0, 1, 0.206133333333333, 1
4, 279, 2, 0, 0, 1, 0.9244, 1
4, 280, 2, 0, 0, 1, 0.655066666666667, 1
4, 281, 2, 0, 0, 1, 0.6296, 1
4, 282, 2, 0, 1, 0, 0.0170666666666667, 1
4, 283, 2, 0, 0, 1, 0.246133333333333, 1
4, 284, 2, 0, 0, 1, 0.22, 1
4, 285, 2, 0, 0, 1, 0.7068, 1
4, 286, 2, 0, 0, 1, 0.6528, 1
4, 287, 2, 0, 0, 1, 0.751333333333333, 1
4, 288, 2, 0, 0, 1, 0.623333333333333, 1
4, 289, 2, 0, 0, 1, 0.678266666666667, 1
4, 290, 2, 0, 0, 1, 0.125066666666667, 1
4, 291, 2, 0, 0, 1, 0.597066666666667, 1
4, 292, 2, 0, 0, 1, 0.2852, 1
4, 293, 2, 0, 0, 1, 0.9484, 1
4, 294, 2, 0, 0, 1, 0.542933333333333, 1
4, 295, 2, 0, 0, 1, 0.466133333333333, 1
4, 296, 2, 0, 0, 1, 0.062, 1
4, 297, 2, 0, 0, 1, 0.8188, 1
4, 298, 2, 0, 0, 1, 0.776266666666667, 1
4, 299, 2, 0, 0, 1, 0.7032, 1
4, 300, 2, 0, 0, 1, 0.202933333333333, 1
4, 301, 2, 0, 0, 1, 0.4176, 1
4, 302, 2, 0, 0, 1, 0.698933333333333, 1
4, 303, 2, 0, 0, 1, 0.542533333333333, 1
4, 304, 2, 0, 0, 1, 0.864, 1
4, 305, 2, 0, 1, 0, 0.034, 1
4, 306, 2, 0, 0, 1, 0.876266666666667, 1
4, 307, 2, 0, 0, 1, 0.783733333333333, 1
4, 308, 2, 0, 0, 1, 0.0516, 1
4, 309, 2, 0, 0, 1, 0.477066666666667, 1
4, 310, 2, 0, 0, 1, 0.838933333333333, 1
4, 311, 2, 0, 0, 1, 0.5592, 1
4, 312, 2, 0, 0, 1, 0.796266666666667, 1
4, 313, 2, 0, 0, 1, 0.636, 1
4, 314, 2, 0, 0, 1, 0.330266666666667, 1
4, 315, 2, 0, 0, 1, 0.772933333333333, 1
4, 316, 2, 0, 0, 1, 0.788933333333333, 1
4, 317, 2, 0, 0, 1, 0.0781333333333333, 1
4, 318, 2, 0, 0, 1, 0.7536, 1
4, 319, 2, 0, 1, 0, 0.0282666666666667, 1
4, 320, 2, 0, 0, 1, 0.808, 1
4, 321, 2, 0, 0, 1, 0.479866666666667, 1
4, 322, 2, 0, 0, 1, 0.778, 1
4, 323, 2, 0, 0, 1, 0.509733333333333, 1
4, 324, 2, 1, 0, 0, 0.9816, 1
4, 325, 2, 0, 1, 0, 0.0036, 1
4, 326, 2, 0, 0, 1, 0.7592, 1
4, 327, 2, 0, 0, 1, 0.245466666666667, 1
4, 328, 2, 0, 0, 1, 0.0746666666666667, 1
4, 329, 2, 0, 0, 1, 0.556666666666667, 1
4, 330, 2, 0, 0, 1, 0.312, 1
4, 331, 2, 0, 0, 1, 0.566, 1
4, 332, 2, 0, 0, 1, 0.414, 1
4, 333, 2, 0, 0, 1, 0.8572, 1
4, 334, 2, 0, 0, 1, 0.226133333333333, 1
4, 335, 2, 1, 0, 0, 0.985866666666667, 1
4, 336, 2, 0, 0, 1, 0.5544, 1
4, 337, 2, 0, 0, 1, 0.6072, 1
4, 338, 2, 0, 0, 1, 0.844266666666667, 1
4, 339, 2, 0, 0, 1, 0.298133333333333, 1
4, 340, 2, 0, 0, 1, 0.9724, 1
4, 341, 2, 0, 0, 1, 0.127733333333333, 1
4, 342, 2, 0, 0, 1, 0.0756, 1
4, 343, 2, 0, 0, 1, 0.848533333333333, 1
4, 344, 2, 0, 0, 1, 0.232133333333333, 1
4, 345, 2, 0, 0, 1, 0.318666666666667, 1
4, 346, 2, 1, 0, 0, 0.99, 1
4, 347, 2, 0, 0, 1, 0.267333333333333, 1
4, 348, 2, 0, 0, 1, 0.9424, 1
4, 349, 2, 0, 0, 1, 0.7356, 1
4, 350, 2, 0, 1, 0, 0.04, 1
4, 351, 2, 0, 0, 1, 0.648266666666667, 1
4, 352, 2, 0, 0, 1, 0.156266666666667, 1
4, 353, 2, 0, 0, 1, 0.664533333333333, 1
4, 354, 2, 0, 0, 1, 0.0696, 1
4, 355, 2, 0, 0, 1, 0.9268, 1
4, 356, 2, 0, 0, 1, 0.906266666666667, 1
4, 357, 2, 0, 0, 1, 0.564933333333333, 1
4, 358, 2, 0, 1, 0, 0.038, 1
4, 359, 2, 0, 0, 1, 0.744533333333333, 1
4, 360, 2, 0, 0, 1, 0.901333333333333, 1
4, 361, 2, 0, 0, 1, 0.853466666666667, 1
4, 362, 2, 0, 0, 1, 0.4952, 1
4, 363, 2, 0, 0, 1, 0.7304, 1
4, 364, 2, 0, 0, 1, 0.406666666666667, 1
4, 365, 2, 0, 0, 1, 0.363333333333333, 1
4, 366, 2, 0, 0, 1, 0.381466666666667, 1
4, 367, 2, 0, 0, 1, 0.789333333333333, 1
4, 368, 2, 0, 0, 1, 0.664133333333333, 1
4, 369, 2, 0, 1, 0, 0.0334666666666667, 1
4, 370, 2, 0, 0, 1, 0.352533333333333, 1
4, 371, 2, 0, 0, 1, 0.827066666666667, 1
4, 372, 2, 0, 0, 1, 0.331066666666667, 1
4, 373, 2, 0, 0, 1, 0.938266666666667, 1
4, 374, 2, 0, 0, 1, 0.597466666666667, 1
4, 375, 2, 0, 0, 1, 0.164266666666667, 1
4, 376, 2, 0, 0, 1, 0.286133333333333, 1
4, 377, 2, 0, 0, 1, 0.355066666666667, 1
4, 378, 2, 0, 0, 1, 0.896, 1
4, 379, 2, 1, 0, 0, 0.993466666666667, 1
4, 380, 2, 0, 0, 1, 0.198533333333333, 1
4, 381, 2, 0, 0, 1, 0.423066666666667, 1
4, 382, 2, 1, 0, 0, 0.993866666666667, 1
4, 383, 2, 0, 0, 1, 0.0941333333333333, 1
4, 384, 2, 0, 0, 1, 0.916, 1
4, 385, 2, 0, 0, 1, 0.875733333333333, 1
4, 386, 2, 0, 0, 1, 0.348666666666667, 1
4, 387, 2, 0, 0, 1, 0.213466666666667, 1
4, 388, 2, 0, 0, 1, 0.691333333333333, 1
4, 389, 2, 0, 0, 1, 0.220133333333333, 1
4, 390, 2, 0, 0, 1, 0.811733333333333, 1
4, 391, 2, 0, 0, 1, 0.833066666666667, 1
4, 392, 2, 0, 0, 1, 0.5372, 1
4, 393, 2, 0, 0, 1, 0.475066666666667, 1
4, 394, 2, 0, 0, 1, 0.5256, 1
4, 395, 2, 0, 0, 1, 0.412533333333333, 1
4, 396, 2, 0, 0, 1, 0.248933333333333, 1
4, 397, 2, 0, 1, 0, 0.0024, 1
4, 398, 2, 0, 0, 1, 0.9716, 1
4, 399, 2, 0, 0, 1, 0.573866666666667, 1
4, 400, 2, 0, 0, 1, 0.531466666666667, 1
4, 401, 2, 1, 0, 0, 0.987333333333333, 1
4, 402, 2, 0, 0, 1, 0.478666666666667, 1
4, 403, 2, 0, 0, 1, 0.772933333333333, 1
4, 404, 2, 0, 0, 1, 0.181733333333333, 1
4, 405, 2, 0, 0, 1, 0.738, 1
4, 406, 2, 0, 0, 1, 0.835066666666667, 1
4, 407, 2, 0, 0, 1, 0.168666666666667, 1
4, 408, 2, 0, 0, 1, 0.6776, 1
4, 409, 2, 0, 0, 1, 0.871466666666667, 1
4, 410, 2, 0, 0, 1, 0.837733333333333, 1
4, 411, 2, 0, 0, 1, 0.1608, 1
4, 412, 2, 0, 0, 1, 0.263066666666667, 1
4, 413, 2, 0, 0, 1, 0.5148, 1
4, 414, 2, 0, 0, 1, 0.963333333333333, 1
4, 415, 2, 0, 0, 1, 0.649866666666667, 1
4, 416, 2, 0, 0, 1, 0.383066666666667, 1
4, 417, 2, 0, 0, 1, 0.182666666666667, 1
4, 418, 2, 0, 0, 1, 0.159466666666667, 1
4, 419, 2, 0, 0, 1, 0.119866666666667, 1
4, 420, 2, 0, 0, 1, 0.6744, 1
4, 421, 2, 0, 0, 1, 0.527466666666667, 1
4, 422, 2, 0, 0, 1, 0.2892, 1
4, 423, 2, 0, 0, 1, 0.0697333333333333, 1
4, 424, 2, 0, 0, 1, 0.9316, 1
4, 425, 2, 0, 0, 1, 0.968933333333333, 1
4, 426, 2, 0, 0, 1, 0.7228, 1
4, 427, 2, 0, 0, 1, 0.3296, 1
4, 428, 2, 0, 0, 1, 0.4284, 1
4, 429, 2, 0, 0, 1, 0.0741333333333333, 1
4, 430, 2, 0, 1, 0, 0.0216, 1
4, 431, 2, 0, 0, 1, 0.3088, 1
4, 432, 2, 0, 1, 0, 0.0224, 1
4, 433, 2, 0, 0, 1, 0.530666666666667, 1
4, 434, 2, 0, 0, 1, 0.825733333333333, 1
4, 435, 2, 0, 0, 1, 0.770133333333333, 1
4, 436, 2, 0, 0, 1, 0.422533333333333, 1
4, 437, 2, 1, 0, 0, 0.986, 1
4, 438, 2, 0, 0, 1, 0.593333333333333, 1
4, 439, 2, 0, 0, 1, 0.902266666666667, 1
4, 440, 2, 0, 0, 1, 0.1516, 1
4, 441, 2, 0, 0, 1, 0.7832, 1
4, 442, 2, 0, 0, 1, 0.88, 1
4, 443, 2, 0, 0, 1, 0.759866666666667, 1
4, 444, 2, 0, 0, 1, 0.682533333333333, 1
4, 445, 2, 0, 0, 1, 0.498533333333333, 1
4, 446, 2, 0, 0, 1, 0.406266666666667, 1
4, 447, 2, 0, 0, 1, 0.4244, 1
4, 448, 2, 0, 0, 1, 0.157333333333333, 1
4, 449, 2, 0, 0, 1, 0.366666666666667, 1
4, 450, 2, 0, 0, 1, 0.547333333333333, 1
4, 451, 2, 0, 0, 1, 0.873333333333333, 1
4, 452, 2, 0, 0, 1, 0.0892, 1
4, 453, 2, 0, 0, 1, 0.425066666666667, 1
4, 454, 2, 0, 0, 1, 0.759733333333333, 1
4, 455, 2, 0, 0, 1, 0.3744, 1
4, 456, 2, 0, 1, 0, 0.000533333333333333, 1
4, 457, 2, 0, 0, 1, 0.2464, 1
4, 458, 2, 0, 0, 1, 0.663733333333333, 1
4, 459, 2, 0, 0, 1, 0.110666666666667, 1
4, 460, 2, 0, 0, 1, 0.459333333333333, 1
4, 461, 2, 0, 0, 1, 0.358666666666667, 1
4, 462, 2, 0, 0, 1, 0.714266666666667, 1
4, 463, 2, 0, 0, 1, 0.277333333333333, 1
4, 464, 2, 0, 0, 1, 0.611333333333333, 1
4, 465, 2, 0, 0, 1, 0.166666666666667, 1
4, 466, 2, 0, 0, 1, 0.153333333333333, 1
4, 467, 2, 0, 0, 1, 0.316933333333333, 1
4, 468, 2, 0, 1, 0, 0.0472, 1
4, 469, 2, 0, 0, 1, 0.283733333333333, 1
4, 470, 2, 0, 0, 1, 0.8372, 1
4, 471, 2, 0, 0, 1, 0.269866666666667, 1
4, 472, 2, 0, 0, 1, 0.302666666666667, 1
4, 473, 2, 0, 0, 1, 0.7784, 1
4, 474, 2, 0, 0, 1, 0.278133333333333, 1
4, 475, 2, 0, 0, 1, 0.555333333333333, 1
4, 476, 2, 0, 0, 1, 0.415866666666667, 1
4, 477, 2, 0, 0, 1, 0.889466666666667, 1
4, 478, 2, 0, 0, 1, 0.295866666666667, 1
4, 479, 2, 0, 0, 1, 0.938533333333333, 1
4, 480, 2, 0, 0, 1, 0.8256, 1
4, 481, 2, 0, 0, 1, 0.578133333333333, 1
4, 482, 2, 0, 0, 1, 0.384666666666667, 1
4, 483, 2, 0, 0, 1, 0.274666666666667, 1
4, 484, 2, 0, 0, 1, 0.0624, 1
4, 485, 2, 0, 0, 1, 0.0881333333333333, 1
4, 486, 2, 0, 0, 1, 0.913333333333333, 1
4, 487, 2, 0, 0, 1, 0.728133333333333, 1
4, 488, 2, 1, 0, 0, 0.996266666666667, 1
4, 489, 2, 0, 0, 1, 0.438933333333333, 1
4, 490, 2, 0, 0, 1, 0.416933333333333, 1
4, 491, 2, 0, 0, 1, 0.148533333333333, 1
4, 492, 2, 0, 0, 1, 0.738133333333333, 1
4, 493, 2, 0, 0, 1, 0.0748, 1
4, 494, 2, 0, 0, 1, 0.122266666666667, 1
4, 495, 2, 0, 0, 1, 0.4316, 1
4, 496, 2, 0, 0, 1, 0.5992, 1
4, 497, 2, 0, 0, 1, 0.8432, 1
4, 498, 2, 0, 0, 1, 0.2588, 1
4, 499, 2, 0, 0, 1, 0.112133333333333, 1
4, 500, 2, 0, 0, 1, 0.1256, 1
4, 501, 2, 1, 0, 0, 0.991866666666667, 1
4, 502, 2, 1, 0, 0, 1, 1
4, 503, 2, 1, 0, 0, 1, 1
4, 504, 2, 1, 0, 0, 0.9996, 1
4, 505, 2, 1, 0, 0, 1, 1
4, 506, 2, 1, 0, 0, 1, 1
4, 507, 2, 1, 0, 0, 1, 1
4, 508, 2, 1, 0, 0, 1, 1
4, 509, 2, 1, 0, 0, 1, 1
4, 510, 2, 1, 0, 0, 0.984533333333333, 1
4, 511, 2, 1, 0, 0, 1, 1
4, 512, 2, 1, 0, 0, 1, 1
4, 513, 2, 1, 0, 0, 0.9892, 1
4, 514, 2, 1, 0, 0, 0.999866666666667, 1
4, 515, 2, 1, 0, 0, 1, 1
4, 516, 2, 1, 0, 0, 0.9976, 1
4, 517, 2, 1, 0, 0, 1, 1
4, 518, 2, 1, 0, 0, 0.999866666666667, 1
4, 519, 2, 1, 0, 0, 1, 1
4, 520, 2, 1, 0, 0, 0.993733333333333, 1
4, 521, 2, 1, 0, 0, 1, 1
4, 522, 2, 1, 0, 0, 0.996666666666667, 1
4, 523, 2, 1, 0, 0, 0.9988, 1
4, 524, 2, 1, 0, 0, 0.9992, 1
4, 525, 2, 1, 0, 0, 1, 1
4, 526, 2, 1, 0, 0, 1, 1
4, 527, 2, 1, 0, 0, 0.997866666666667, 1
4, 528, 2, 1, 0, 0, 1, 1
4, 529, 2, 1, 0, 0, 1, 1
4, 530, 2, 1, 0, 0, 1, 1
4, 531, 2, 1, 0, 0, 1, 1
4, 532, 2, 1, 0, 0, 0.985866666666667, 1
4, 533, 2, 1, 0, 0, 0.999733333333333, 1
4, 534, 2, 1, 0, 0, 0.997333333333333, 1
4, 535, 2, 1, 0, 0, 1, 1
4, 536, 2, 1, 0, 0, 0.999733333333333, 1
4, 537, 2, 1, 0, 0, 0.999733333333333, 1
4, 538, 2, 1, 0, 0, 0.999866666666667, 1
4, 539, 2, 1, 0, 0, 0.991466666666667, 1
4, 540, 2, 1, 0, 0, 0.999866666666667, 1
4, 541, 2, 1, 0, 0, 0.992533333333333, 1
4, 542, 2, 1, 0, 0, 0.999866666666667, 1
4, 543, 2, 1, 0, 0, 0.999333333333333, 1
4, 544, 2, 1, 0, 0, 0.997066666666667, 1
4, 545, 2, 1, 0, 0, 1, 1
4, 546, 2, 1, 0, 0, 0.998133333333333, 1
4, 547, 2, 0, 0, 1, 0.949333333333333, 1
4, 548, 2, 1, 0, 0, 0.999066666666667, 1
4, 549, 2, 1, 0, 0, 1, 1
4, 550, 2, 1, 0, 0, 0.989333333333333, 1
4, 551, 2, 1, 0, 0, 1, 1
4, 552, 2, 1, 0, 0, 1, 1
4, 553, 2, 1, 0, 0, 0.999333333333333, 1
4, 554, 2, 1, 0, 0, 1, 1
4, 555, 2, 1, 0, 0, 0.987066666666667, 1
4, 556, 2, 1, 0, 0, 0.999733333333333, 1
4, 557, 2, 1, 0, 0, 0.998933333333333, 1
4, 558, 2, 1, 0, 0, 0.999733333333333, 1
4, 559, 2, 1, 0, 0, 0.975333333333333, 1
4, 560, 2, 1, 0, 0, 0.999866666666667, 1
4, 561, 2, 1, 0, 0, 0.996533333333333, 1
4, 562, 2, 1, 0, 0, 1, 1
4, 563, 2, 1, 0, 0, 0.997866666666667, 1
4, 564, 2, 1, 0, 0, 0.9996, 1
4, 565, 2, 1, 0, 0, 0.9992, 1
4, 566, 2, 1, 0, 0, 0.997333333333333, 1
4, 567, 2, 1, 0, 0, 0.999866666666667, 1
4, 568, 2, 1, 0, 0, 1, 1
4, 569, 2, 1, 0, 0, 0.9996, 1
4, 570, 2, 1, 0, 0, 0.999866666666667, 1
4, 571, 2, 1, 0, 0, 1, 1
4, 572, 2, 1, 0, 0, 1, 1
4, 573, 2, 1, 0, 0, 0.9828, 1
4, 574, 2, 1, 0, 0, 1, 1
4, 575, 2, 1, 0, 0, 1, 1
4, 576, 2, 1, 0, 0, 0.998533333333333, 1
4, 577, 2, 1, 0, 0, 0.996266666666667, 1
4, 578, 2, 1, 0, 0, 0.998266666666667, 1
4, 579, 2, 0, 0, 1, 0.704266666666667, 1
4, 580, 2, 1, 0, 0, 0.9984, 1
4, 581, 2, 1, 0, 0, 0.996266666666667, 1
4, 582, 2, 1, 0, 0, 0.996133333333333, 1
4, 583, 2, 1, 0, 0, 1, 1
4, 584, 2, 1, 0, 0, 0.999733333333333, 1
4, 585, 2, 1, 0, 0, 1, 1
4, 586, 2, 1, 0, 0, 0.999866666666667, 1
4, 587, 2, 1, 0, 0, 1, 1
4, 588, 2, 1, 0, 0, 0.9936, 1
4, 589, 2, 1, 0, 0, 1, 1
4, 590, 2, 1, 0, 0, 0.999066666666667, 1
4, 591, 2, 1, 0, 0, 0.9992, 1
4, 592, 2, 1, 0, 0, 1, 1
4, 593, 2, 1, 0, 0, 1, 1
4, 594, 2, 0, 0, 1, 0.970266666666667, 1
4, 595, 2, 1, 0, 0, 0.986533333333333, 1
4, 596, 2, 1, 0, 0, 1, 1
4, 597, 2, 1, 0, 0, 0.999333333333333, 1
4, 598, 2, 1, 0, 0, 0.999866666666667, 1
4, 599, 2, 1, 0, 0, 0.9964, 1
4, 600, 2, 1, 0, 0, 0.999466666666667, 1
4, 601, 2, 1, 0, 0, 1, 1
4, 602, 2, 1, 0, 0, 0.999333333333333, 1
4, 603, 2, 1, 0, 0, 0.999866666666667, 1
4, 604, 2, 1, 0, 0, 1, 1
4, 605, 2, 1, 0, 0, 0.999866666666667, 1
4, 606, 2, 1, 0, 0, 0.999866666666667, 1
4, 607, 2, 1, 0, 0, 1, 1
4, 608, 2, 1, 0, 0, 0.999866666666667, 1
4, 609, 2, 1, 0, 0, 0.995466666666667, 1
4, 610, 2, 1, 0, 0, 0.999866666666667, 1
4, 611, 2, 1, 0, 0, 0.996533333333333, 1
4, 612, 2, 1, 0, 0, 0.983333333333333, 1
4, 613, 2, 1, 0, 0, 0.9896, 1
4, 614, 2, 1, 0, 0, 0.997333333333333, 1
4, 615, 2, 1, 0, 0, 1, 1
4, 616, 2, 1, 0, 0, 1, 1
4, 617, 2, 1, 0, 0, 1, 1
4, 618, 2, 1, 0, 0, 1, 1
4, 619, 2, 1, 0, 0, 1, 1
4, 620, 2, 1, 0, 0, 1, 1
4, 621, 2, 1, 0, 0, 0.9996, 1
4, 622, 2, 1, 0, 0, 1, 1
4, 623, 2, 1, 0, 0, 0.999733333333333, 1
4, 624, 2, 1, 0, 0, 0.9996, 1
4, 625, 2, 1, 0, 0, 1, 1
4, 626, 2, 1, 0, 0, 1, 1
4, 627, 2, 1, 0, 0, 1, 1
4, 628, 2, 1, 0, 0, 0.9992, 1
4, 629, 2, 1, 0, 0, 0.999733333333333, 1
4, 630, 2, 1, 0, 0, 1, 1
4, 631, 2, 1, 0, 0, 1, 1
4, 632, 2, 1, 0, 0, 1, 1
4, 633, 2, 1, 0, 0, 1, 1
4, 634, 2, 1, 0, 0, 0.999066666666667, 1
4, 635, 2, 1, 0, 0, 0.9984, 1
4, 636, 2, 1, 0, 0, 0.976533333333333, 1
4, 637, 2, 1, 0, 0, 0.999866666666667, 1
4, 638, 2, 1, 0, 0, 1, 1
4, 639, 2, 1, 0, 0, 0.9936, 1
4, 640, 2, 1, 0, 0, 1, 1
4, 641, 2, 1, 0, 0, 0.99, 1
4, 642, 2, 1, 0, 0, 1, 1
4, 643, 2, 1, 0, 0, 1, 1
4, 644, 2, 1, 0, 0, 1, 1
4, 645, 2, 1, 0, 0, 0.9876, 1
4, 646, 2, 1, 0, 0, 1, 1
4, 647, 2, 1, 0, 0, 1, 1
4, 648, 2, 1, 0, 0, 1, 1
4, 649, 2, 1, 0, 0, 1, 1
4, 650, 2, 1, 0, 0, 0.999733333333333, 1
4, 651, 2, 1, 0, 0, 0.999866666666667, 1
4, 652, 2, 1, 0, 0, 0.999866666666667, 1
4, 653, 2, 1, 0, 0, 0.999866666666667, 1
4, 654, 2, 1, 0, 0, 1, 1
4, 655, 2, 1, 0, 0, 0.998266666666667, 1
4, 656, 2, 1, 0, 0, 0.999733333333333, 1
4, 657, 2, 1, 0, 0, 0.999466666666667, 1
4, 658, 2, 1, 0, 0, 0.999866666666667, 1
4, 659, 2, 1, 0, 0, 1, 1
4, 660, 2, 1, 0, 0, 0.994933333333333, 1
4, 661, 2, 1, 0, 0, 0.995466666666667, 1
4, 662, 2, 0, 0, 1, 0.971333333333333, 1
4, 663, 2, 0, 0, 1, 0.933866666666667, 1
4, 664, 2, 1, 0, 0, 0.999333333333333, 1
4, 665, 2, 1, 0, 0, 0.999866666666667, 1
4, 666, 2, 1, 0, 0, 1, 1
4, 667, 2, 1, 0, 0, 1, 1
4, 668, 2, 1, 0, 0, 0.998533333333333, 1
4, 669, 2, 1, 0, 0, 0.999733333333333, 1
4, 670, 2, 1, 0, 0, 0.999866666666667, 1
4, 671, 2, 1, 0, 0, 0.999866666666667, 1
4, 672, 2, 1, 0, 0, 1, 1
4, 673, 2, 1, 0, 0, 1, 1
4, 674, 2, 1, 0, 0, 1, 1
4, 675, 2, 1, 0, 0, 1, 1
4, 676, 2, 1, 0, 0, 0.997333333333333, 1
4, 677, 2, 1, 0, 0, 1, 1
4, 678, 2, 1, 0, 0, 0.999866666666667, 1
4, 679, 2, 1, 0, 0, 0.9996, 1
4, 680, 2, 1, 0, 0, 0.996666666666667, 1
4, 681, 2, 1, 0, 0, 0.9988, 1
4, 682, 2, 1, 0, 0, 0.999733333333333, 1
4, 683, 2, 1, 0, 0, 0.999866666666667, 1
4, 684, 2, 1, 0, 0, 0.996, 1
4, 685, 2, 1, 0, 0, 0.9864, 1
4, 686, 2, 1, 0, 0, 1, 1
4, 687, 2, 1, 0, 0, 0.9804, 1
4, 688, 2, 1, 0, 0, 0.9948, 1
4, 689, 2, 1, 0, 0, 0.9956, 1
4, 690, 2, 1, 0, 0, 0.998933333333333, 1
4, 691, 2, 1, 0, 0, 0.996533333333333, 1
4, 692, 2, 1, 0, 0, 1, 1
4, 693, 2, 1, 0, 0, 0.999866666666667, 1
4, 694, 2, 1, 0, 0, 0.998933333333333, 1
4, 695, 2, 1, 0, 0, 0.994533333333333, 1
4, 696, 2, 1, 0, 0, 1, 1
4, 697, 2, 1, 0, 0, 0.998666666666667, 1
4, 698, 2, 1, 0, 0, 0.998933333333333, 1
4, 699, 2, 1, 0, 0, 1, 1
4, 700, 2, 1, 0, 0, 1, 1
4, 701, 2, 1, 0, 0, 1, 1
4, 702, 2, 1, 0, 0, 0.9884, 1
4, 703, 2, 1, 0, 0, 1, 1
4, 704, 2, 1, 0, 0, 0.999466666666667, 1
4, 705, 2, 1, 0, 0, 0.9996, 1
4, 706, 2, 1, 0, 0, 0.992133333333333, 1
4, 707, 2, 1, 0, 0, 1, 1
4, 708, 2, 1, 0, 0, 0.977066666666667, 1
4, 709, 2, 1, 0, 0, 1, 1
4, 710, 2, 1, 0, 0, 1, 1
4, 711, 2, 1, 0, 0, 1, 1
4, 712, 2, 1, 0, 0, 0.992666666666667, 1
4, 713, 2, 1, 0, 0, 0.998933333333333, 1
4, 714, 2, 1, 0, 0, 0.995466666666667, 1
4, 715, 2, 1, 0, 0, 1, 1
4, 716, 2, 1, 0, 0, 0.999333333333333, 1
4, 717, 2, 1, 0, 0, 0.999466666666667, 1
4, 718, 2, 1, 0, 0, 1, 1
4, 719, 2, 0, 0, 1, 0.9164, 1
4, 720, 2, 1, 0, 0, 1, 1
4, 721, 2, 1, 0, 0, 1, 1
4, 722, 2, 1, 0, 0, 0.999866666666667, 1
4, 723, 2, 1, 0, 0, 0.998666666666667, 1
4, 724, 2, 1, 0, 0, 0.992533333333333, 1
4, 725, 2, 1, 0, 0, 0.9996, 1
4, 726, 2, 1, 0, 0, 0.999733333333333, 1
4, 727, 2, 0, 0, 1, 0.934133333333333, 1
4, 728, 2, 1, 0, 0, 1, 1
4, 729, 2, 0, 0, 1, 0.9528, 1
4, 730, 2, 1, 0, 0, 1, 1
4, 731, 2, 1, 0, 0, 0.999866666666667, 1
4, 732, 2, 1, 0, 0, 1, 1
4, 733, 2, 1, 0, 0, 1, 1
4, 734, 2, 1, 0, 0, 1, 1
4, 735, 2, 1, 0, 0, 0.992133333333333, 1
4, 736, 2, 1, 0, 0, 0.9996, 1
4, 737, 2, 0, 0, 1, 0.973066666666667, 1
4, 738, 2, 1, 0, 0, 0.996133333333333, 1
4, 739, 2, 1, 0, 0, 1, 1
4, 740, 2, 1, 0, 0, 1, 1
4, 741, 2, 1, 0, 0, 0.999733333333333, 1
4, 742, 2, 1, 0, 0, 0.996933333333333, 1
4, 743, 2, 1, 0, 0, 0.999733333333333, 1
4, 744, 2, 1, 0, 0, 1, 1
4, 745, 2, 1, 0, 0, 1, 1
4, 746, 2, 1, 0, 0, 1, 1
4, 747, 2, 0, 0, 1, 0.701066666666667, 1
4, 748, 2, 1, 0, 0, 1, 1
4, 749, 2, 1, 0, 0, 0.999733333333333, 1
4, 750, 2, 1, 0, 0, 0.999866666666667, 1
4, 751, 2, 1, 0, 0, 0.996, 1
4, 752, 2, 1, 0, 0, 1, 1
4, 753, 2, 1, 0, 0, 0.995733333333333, 1
4, 754, 2, 1, 0, 0, 0.9884, 1
4, 755, 2, 1, 0, 0, 1, 1
4, 756, 2, 1, 0, 0, 1, 1
4, 757, 2, 1, 0, 0, 0.999866666666667, 1
4, 758, 2, 1, 0, 0, 1, 1
4, 759, 2, 1, 0, 0, 0.999466666666667, 1
4, 760, 2, 1, 0, 0, 0.999866666666667, 1
4, 761, 2, 1, 0, 0, 0.995866666666667, 1
4, 762, 2, 1, 0, 0, 0.999066666666667, 1
4, 763, 2, 0, 0, 1, 0.945733333333333, 1
4, 764, 2, 1, 0, 0, 0.993333333333333, 1
4, 765, 2, 1, 0, 0, 0.999733333333333, 1
4, 766, 2, 1, 0, 0, 0.999733333333333, 1
4, 767, 2, 1, 0, 0, 0.9996, 1
4, 768, 2, 1, 0, 0, 0.999066666666667, 1
4, 769, 2, 1, 0, 0, 1, 1
4, 770, 2, 1, 0, 0, 1, 1
4, 771, 2, 1, 0, 0, 0.9984, 1
4, 772, 2, 1, 0, 0, 1, 1
4, 773, 2, 1, 0, 0, 0.998266666666667, 1
4, 774, 2, 1, 0, 0, 0.998666666666667, 1
4, 775, 2, 1, 0, 0, 1, 1
4, 776, 2, 0, 0, 1, 0.963466666666667, 1
4, 777, 2, 1, 0, 0, 1, 1
4, 778, 2, 1, 0, 0, 1, 1
4, 779, 2, 1, 0, 0, 0.996533333333333, 1
4, 780, 2, 1, 0, 0, 0.989333333333333, 1
4, 781, 2, 1, 0, 0, 1, 1
4, 782, 2, 1, 0, 0, 1, 1
4, 783, 2, 1, 0, 0, 1, 1
4, 784, 2, 1, 0, 0, 0.998133333333333, 1
4, 785, 2, 1, 0, 0, 0.997733333333333, 1
4, 786, 2, 1, 0, 0, 0.999866666666667, 1
4, 787, 2, 1, 0, 0, 0.999866666666667, 1
4, 788, 2, 1, 0, 0, 0.999466666666667, 1
4, 789, 2, 1, 0, 0, 1, 1
4, 790, 2, 1, 0, 0, 0.997733333333333, 1
4, 791, 2, 1, 0, 0, 0.9992, 1
4, 792, 2, 1, 0, 0, 0.999466666666667, 1
4, 793, 2, 1, 0, 0, 0.999066666666667, 1
4, 794, 2, 1, 0, 0, 0.994933333333333, 1
4, 795, 2, 1, 0, 0, 0.996666666666667, 1
4, 796, 2, 1, 0, 0, 0.9996, 1
4, 797, 2, 0, 0, 1, 0.955333333333333, 1
4, 798, 2, 1, 0, 0, 0.9872, 1
4, 799, 2, 1, 0, 0, 1, 1
4, 800, 2, 1, 0, 0, 0.999466666666667, 1
4, 801, 2, 1, 0, 0, 1, 1
4, 802, 2, 1, 0, 0, 0.986666666666667, 1
4, 803, 2, 1, 0, 0, 0.987866666666667, 1
4, 804, 2, 1, 0, 0, 0.999733333333333, 1
4, 805, 2, 1, 0, 0, 1, 1
4, 806, 2, 1, 0, 0, 0.996266666666667, 1
4, 807, 2, 1, 0, 0, 1, 1
4, 808, 2, 1, 0, 0, 0.9996, 1
4, 809, 2, 1, 0, 0, 0.997866666666667, 1
4, 810, 2, 1, 0, 0, 1, 1
4, 811, 2, 1, 0, 0, 1, 1
4, 812, 2, 1, 0, 0, 1, 1
4, 813, 2, 1, 0, 0, 1, 1
4, 814, 2, 1, 0, 0, 0.998933333333333, 1
4, 815, 2, 1, 0, 0, 1, 1
4, 816, 2, 0, 0, 1, 0.9236, 1
4, 817, 2, 1, 0, 0, 0.9988, 1
4, 818, 2, 1, 0, 0, 1, 1
4, 819, 2, 1, 0, 0, 1, 1
4, 820, 2, 1, 0, 0, 1, 1
4, 821, 2, 1, 0, 0, 0.999333333333333, 1
4, 822, 2, 1, 0, 0, 0.9756, 1
4, 823, 2, 1, 0, 0, 1, 1
4, 824, 2, 1, 0, 0, 1, 1
4, 825, 2, 1, 0, 0, 0.997333333333333, 1
4, 826, 2, 1, 0, 0, 1, 1
4, 827, 2, 1, 0, 0, 0.999866666666667, 1
4, 828, 2, 1, 0, 0, 0.999866666666667, 1
4, 829, 2, 1, 0, 0, 0.9908, 1
4, 830, 2, 1, 0, 0, 0.999733333333333, 1
4, 831, 2, 1, 0, 0, 0.997466666666667, 1
4, 832, 2, 1, 0, 0, 0.977333333333333, 1
4, 833, 2, 1, 0, 0, 0.999733333333333, 1
4, 834, 2, 1, 0, 0, 0.999866666666667, 1
4, 835, 2, 0, 0, 1, 0.9744, 1
4, 836, 2, 1, 0, 0, 0.993866666666667, 1
4, 837, 2, 1, 0, 0, 1, 1
4, 838, 2, 1, 0, 0, 1, 1
4, 839, 2, 0, 0, 1, 0.961066666666667, 1
4, 840, 2, 1, 0, 0, 1, 1
4, 841, 2, 1, 0, 0, 0.982133333333333, 1
4, 842, 2, 1, 0, 0, 0.990533333333333, 1
4, 843, 2, 1, 0, 0, 0.999866666666667, 1
4, 844, 2, 1, 0, 0, 1, 1
4, 845, 2, 1, 0, 0, 1, 1
4, 846, 2, 0, 0, 1, 0.974266666666667, 1
4, 847, 2, 1, 0, 0, 1, 1
4, 848, 2, 1, 0, 0, 1, 1
4, 849, 2, 1, 0, 0, 0.988666666666667, 1
4, 850, 2, 1, 0, 0, 0.999733333333333, 1
4, 851, 2, 1, 0, 0, 1, 1
4, 852, 2, 1, 0, 0, 1, 1
4, 853, 2, 1, 0, 0, 0.999066666666667, 1
4, 854, 2, 1, 0, 0, 0.998266666666667, 1
4, 855, 2, 1, 0, 0, 1, 1
4, 856, 2, 1, 0, 0, 0.995466666666667, 1
4, 857, 2, 1, 0, 0, 1, 1
4, 858, 2, 1, 0, 0, 1, 1
4, 859, 2, 1, 0, 0, 1, 1
4, 860, 2, 1, 0, 0, 0.975466666666667, 1
4, 861, 2, 1, 0, 0, 1, 1
4, 862, 2, 1, 0, 0, 0.996533333333333, 1
4, 863, 2, 1, 0, 0, 0.998266666666667, 1
4, 864, 2, 1, 0, 0, 0.981466666666667, 1
4, 865, 2, 1, 0, 0, 1, 1
4, 866, 2, 1, 0, 0, 1, 1
4, 867, 2, 1, 0, 0, 0.997466666666667, 1
4, 868, 2, 1, 0, 0, 1, 1
4, 869, 2, 1, 0, 0, 0.9992, 1
4, 870, 2, 1, 0, 0, 1, 1
4, 871, 2, 1, 0, 0, 0.999733333333333, 1
4, 872, 2, 1, 0, 0, 1, 1
4, 873, 2, 1, 0, 0, 0.986533333333333, 1
4, 874, 2, 1, 0, 0, 1, 1
4, 875, 2, 1, 0, 0, 0.9996, 1
4, 876, 2, 1, 0, 0, 1, 1
4, 877, 2, 1, 0, 0, 0.999333333333333, 1
4, 878, 2, 1, 0, 0, 0.999866666666667, 1
4, 879, 2, 1, 0, 0, 0.9944, 1
4, 880, 2, 1, 0, 0, 0.997333333333333, 1
4, 881, 2, 1, 0, 0, 0.999066666666667, 1
4, 882, 2, 1, 0, 0, 1, 1
4, 883, 2, 1, 0, 0, 1, 1
4, 884, 2, 1, 0, 0, 0.997066666666667, 1
4, 885, 2, 1, 0, 0, 0.998533333333333, 1
4, 886, 2, 1, 0, 0, 0.999866666666667, 1
4, 887, 2, 1, 0, 0, 1, 1
4, 888, 2, 1, 0, 0, 0.9996, 1
4, 889, 2, 1, 0, 0, 1, 1
4, 890, 2, 1, 0, 0, 0.993866666666667, 1
4, 891, 2, 1, 0, 0, 0.998133333333333, 1
4, 892, 2, 0, 0, 1, 0.965333333333333, 1
4, 893, 2, 1, 0, 0, 1, 1
4, 894, 2, 1, 0, 0, 0.999866666666667, 1
4, 895, 2, 1, 0, 0, 0.999466666666667, 1
4, 896, 2, 1, 0, 0, 0.9936, 1
4, 897, 2, 1, 0, 0, 1, 1
4, 898, 2, 1, 0, 0, 0.999333333333333, 1
4, 899, 2, 1, 0, 0, 1, 1
4, 900, 2, 1, 0, 0, 1, 1
4, 901, 2, 1, 0, 0, 0.990266666666667, 1
4, 902, 2, 1, 0, 0, 0.997466666666667, 1
4, 903, 2, 1, 0, 0, 1, 1
4, 904, 2, 1, 0, 0, 0.992133333333333, 1
4, 905, 2, 1, 0, 0, 0.9992, 1
4, 906, 2, 1, 0, 0, 0.9792, 1
4, 907, 2, 1, 0, 0, 0.999733333333333, 1
4, 908, 2, 1, 0, 0, 0.9988, 1
4, 909, 2, 1, 0, 0, 0.999066666666667, 1
4, 910, 2, 1, 0, 0, 0.999866666666667, 1
4, 911, 2, 1, 0, 0, 0.9996, 1
4, 912, 2, 1, 0, 0, 0.998, 1
4, 913, 2, 1, 0, 0, 1, 1
4, 914, 2, 1, 0, 0, 0.996133333333333, 1
4, 915, 2, 1, 0, 0, 1, 1
4, 916, 2, 1, 0, 0, 0.998933333333333, 1
4, 917, 2, 1, 0, 0, 0.999333333333333, 1
4, 918, 2, 1, 0, 0, 0.999466666666667, 1
4, 919, 2, 1, 0, 0, 1, 1
4, 920, 2, 1, 0, 0, 0.999333333333333, 1
4, 921, 2, 0, 0, 1, 0.9684, 1
4, 922, 2, 1, 0, 0, 0.999466666666667, 1
4, 923, 2, 1, 0, 0, 0.9944, 1
4, 924, 2, 1, 0, 0, 0.999733333333333, 1
4, 925, 2, 1, 0, 0, 0.997466666666667, 1
4, 926, 2, 1, 0, 0, 1, 1
4, 927, 2, 1, 0, 0, 0.999733333333333, 1
4, 928, 2, 1, 0, 0, 1, 1
4, 929, 2, 1, 0, 0, 0.9912, 1
4, 930, 2, 1, 0, 0, 0.9932, 1
4, 931, 2, 1, 0, 0, 1, 1
4, 932, 2, 1, 0, 0, 0.9992, 1
4, 933, 2, 1, 0, 0, 1, 1
4, 934, 2, 1, 0, 0, 0.999733333333333, 1
4, 935, 2, 1, 0, 0, 0.995733333333333, 1
4, 936, 2, 0, 0, 1, 0.934, 1
4, 937, 2, 1, 0, 0, 1, 1
4, 938, 2, 1, 0, 0, 0.999866666666667, 1
4, 939, 2, 1, 0, 0, 0.9992, 1
4, 940, 2, 1, 0, 0, 1, 1
4, 941, 2, 1, 0, 0, 1, 1
4, 942, 2, 1, 0, 0, 1, 1
4, 943, 2, 1, 0, 0, 0.9996, 1
4, 944, 2, 1, 0, 0, 0.9924, 1
4, 945, 2, 1, 0, 0, 1, 1
4, 946, 2, 1, 0, 0, 1, 1
4, 947, 2, 0, 0, 1, 0.971866666666667, 1
4, 948, 2, 0, 0, 1, 0.973466666666667, 1
4, 949, 2, 1, 0, 0, 1, 1
4, 950, 2, 1, 0, 0, 0.989466666666667, 1
4, 951, 2, 0, 0, 1, 0.916266666666667, 1
4, 952, 2, 1, 0, 0, 0.9996, 1
4, 953, 2, 1, 0, 0, 0.996533333333333, 1
4, 954, 2, 1, 0, 0, 0.993066666666667, 1
4, 955, 2, 1, 0, 0, 0.9792, 1
4, 956, 2, 1, 0, 0, 0.999733333333333, 1
4, 957, 2, 1, 0, 0, 0.991333333333333, 1
4, 958, 2, 1, 0, 0, 0.9812, 1
4, 959, 2, 1, 0, 0, 1, 1
4, 960, 2, 1, 0, 0, 0.9992, 1
4, 961, 2, 1, 0, 0, 0.999866666666667, 1
4, 962, 2, 1, 0, 0, 0.999866666666667, 1
4, 963, 2, 1, 0, 0, 1, 1
4, 964, 2, 0, 0, 1, 0.961333333333333, 1
4, 965, 2, 1, 0, 0, 0.9992, 1
4, 966, 2, 1, 0, 0, 0.998533333333333, 1
4, 967, 2, 1, 0, 0, 1, 1
4, 968, 2, 1, 0, 0, 1, 1
4, 969, 2, 0, 0, 1, 0.918, 1
4, 970, 2, 1, 0, 0, 0.994933333333333, 1
4, 971, 2, 1, 0, 0, 0.9972, 1
4, 972, 2, 1, 0, 0, 0.9968, 1
4, 973, 2, 1, 0, 0, 0.996533333333333, 1
4, 974, 2, 1, 0, 0, 0.9996, 1
4, 975, 2, 1, 0, 0, 1, 1
4, 976, 2, 1, 0, 0, 1, 1
4, 977, 2, 1, 0, 0, 0.999733333333333, 1
4, 978, 2, 1, 0, 0, 0.998666666666667, 1
4, 979, 2, 0, 0, 1, 0.772666666666667, 1
4, 980, 2, 1, 0, 0, 1, 1
4, 981, 2, 1, 0, 0, 1, 1
4, 982, 2, 1, 0, 0, 1, 1
4, 983, 2, 1, 0, 0, 0.999866666666667, 1
4, 984, 2, 1, 0, 0, 0.9852, 1
4, 985, 2, 1, 0, 0, 0.9996, 1
4, 986, 2, 1, 0, 0, 0.988, 1
4, 987, 2, 1, 0, 0, 1, 1
4, 988, 2, 1, 0, 0, 0.999866666666667, 1
4, 989, 2, 1, 0, 0, 0.9896, 1
4, 990, 2, 1, 0, 0, 1, 1
4, 991, 2, 1, 0, 0, 0.999066666666667, 1
4, 992, 2, 1, 0, 0, 0.999866666666667, 1
4, 993, 2, 1, 0, 0, 0.995066666666667, 1
4, 994, 2, 1, 0, 0, 1, 1
4, 995, 2, 1, 0, 0, 0.9816, 1
4, 996, 2, 1, 0, 0, 0.999866666666667, 1
4, 997, 2, 1, 0, 0, 0.997733333333333, 1
4, 998, 2, 1, 0, 0, 0.997866666666667, 1
4, 999, 2, 1, 0, 0, 0.999866666666667, 1
4, 1000, 2, 1, 0, 0, 1, 1
4, 1001, 2, 0, 0, 1, 0.7932, 1
4, 1002, 2, 0, 0, 1, 0.962933333333333, 1
4, 1003, 2, 0, 0, 1, 0.0893333333333333, 1
4, 1004, 2, 0, 0, 1, 0.456666666666667, 1
4, 1005, 2, 0, 0, 1, 0.6304, 1
4, 1006, 2, 0, 0, 1, 0.431333333333333, 1
4, 1007, 2, 0, 0, 1, 0.598666666666667, 1
4, 1008, 2, 0, 0, 1, 0.2648, 1
4, 1009, 2, 0, 0, 1, 0.355733333333333, 1
4, 1010, 2, 0, 0, 1, 0.680133333333333, 1
4, 1011, 2, 0, 0, 1, 0.9348, 1
4, 1012, 2, 0, 0, 1, 0.566533333333333, 1
4, 1013, 2, 0, 0, 1, 0.2732, 1
4, 1014, 2, 0, 0, 1, 0.299466666666667, 1
4, 1015, 2, 0, 0, 1, 0.324533333333333, 1
4, 1016, 2, 0, 0, 1, 0.719866666666667, 1
4, 1017, 2, 0, 1, 0, 0.0202666666666667, 1
4, 1018, 2, 0, 0, 1, 0.304, 1
4, 1019, 2, 0, 0, 1, 0.3796, 1
4, 1020, 2, 0, 0, 1, 0.3288, 1
4, 1021, 2, 0, 0, 1, 0.166, 1
4, 1022, 2, 0, 0, 1, 0.369466666666667, 1
4, 1023, 2, 0, 0, 1, 0.3752, 1
4, 1024, 2, 0, 0, 1, 0.2296, 1
4, 1025, 2, 0, 0, 1, 0.1232, 1
4, 1026, 2, 0, 0, 1, 0.0514666666666667, 1
4, 1027, 2, 0, 0, 1, 0.217066666666667, 1
4, 1028, 2, 0, 1, 0, 0.0425333333333333, 1
4, 1029, 2, 0, 0, 1, 0.961066666666667, 1
4, 1030, 2, 0, 0, 1, 0.8028, 1
4, 1031, 2, 0, 0, 1, 0.3156, 1
4, 1032, 2, 0, 0, 1, 0.295333333333333, 1
4, 1033, 2, 0, 0, 1, 0.387466666666667, 1
4, 1034, 2, 0, 0, 1, 0.431733333333333, 1
4, 1035, 2, 0, 0, 1, 0.3064, 1
4, 1036, 2, 0, 0, 1, 0.7212, 1
4, 1037, 2, 0, 0, 1, 0.652, 1
4, 1038, 2, 0, 0, 1, 0.5928, 1
4, 1039, 2, 0, 0, 1, 0.225333333333333, 1
4, 1040, 2, 0, 0, 1, 0.350933333333333, 1
4, 1041, 2, 0, 0, 1, 0.415466666666667, 1
4, 1042, 2, 0, 0, 1, 0.727466666666667, 1
4, 1043, 2, 0, 0, 1, 0.5128, 1
4, 1044, 2, 0, 0, 1, 0.066, 1
4, 1045, 2, 0, 0, 1, 0.204266666666667, 1
4, 1046, 2, 1, 0, 0, 0.995866666666667, 1
4, 1047, 2, 0, 0, 1, 0.9068, 1
4, 1048, 2, 0, 0, 1, 0.614933333333333, 1
4, 1049, 2, 0, 0, 1, 0.125066666666667, 1
4, 1050, 2, 0, 0, 1, 0.242666666666667, 1
4, 1051, 2, 0, 1, 0, 0, 1
4, 1052, 2, 0, 0, 1, 0.2716, 1
4, 1053, 2, 0, 0, 1, 0.7484, 1
4, 1054, 2, 0, 0, 1, 0.740266666666667, 1
4, 1055, 2, 0, 0, 1, 0.145733333333333, 1
4, 1056, 2, 0, 0, 1, 0.206666666666667, 1
4, 1057, 2, 0, 0, 1, 0.340666666666667, 1
4, 1058, 2, 0, 0, 1, 0.8332, 1
4, 1059, 2, 0, 0, 1, 0.923733333333333, 1
4, 1060, 2, 0, 0, 1, 0.0625333333333333, 1
4, 1061, 2, 0, 0, 1, 0.8568, 1
4, 1062, 2, 0, 0, 1, 0.604133333333333, 1
4, 1063, 2, 0, 0, 1, 0.443733333333333, 1
4, 1064, 2, 0, 0, 1, 0.409733333333333, 1
4, 1065, 2, 0, 0, 1, 0.5276, 1
4, 1066, 2, 0, 0, 1, 0.103866666666667, 1
4, 1067, 2, 0, 0, 1, 0.831066666666667, 1
4, 1068, 2, 0, 0, 1, 0.283333333333333, 1
4, 1069, 2, 0, 0, 1, 0.204, 1
4, 1070, 2, 0, 0, 1, 0.735333333333333, 1
4, 1071, 2, 0, 0, 1, 0.0529333333333333, 1
4, 1072, 2, 0, 0, 1, 0.0666666666666667, 1
4, 1073, 2, 0, 0, 1, 0.5888, 1
4, 1074, 2, 0, 0, 1, 0.508666666666667, 1
4, 1075, 2, 0, 0, 1, 0.899333333333333, 1
4, 1076, 2, 0, 0, 1, 0.0658666666666667, 1
4, 1077, 2, 0, 0, 1, 0.409866666666667, 1
4, 1078, 2, 0, 0, 1, 0.349733333333333, 1
4, 1079, 2, 0, 0, 1, 0.3808, 1
4, 1080, 2, 0, 1, 0, 0.0376, 1
4, 1081, 2, 0, 0, 1, 0.837333333333333, 1
4, 1082, 2, 0, 0, 1, 0.828, 1
4, 1083, 2, 0, 0, 1, 0.0670666666666667, 1
4, 1084, 2, 0, 0, 1, 0.477066666666667, 1
4, 1085, 2, 0, 0, 1, 0.297466666666667, 1
4, 1086, 2, 0, 0, 1, 0.2424, 1
4, 1087, 2, 0, 0, 1, 0.7936, 1
4, 1088, 2, 0, 0, 1, 0.8204, 1
4, 1089, 2, 0, 0, 1, 0.688266666666667, 1
4, 1090, 2, 0, 0, 1, 0.600533333333333, 1
4, 1091, 2, 0, 0, 1, 0.9712, 1
4, 1092, 2, 0, 0, 1, 0.2868, 1
4, 1093, 2, 0, 0, 1, 0.612933333333333, 1
4, 1094, 2, 0, 0, 1, 0.218666666666667, 1
4, 1095, 2, 0, 0, 1, 0.066, 1
4, 1096, 2, 0, 0, 1, 0.128266666666667, 1
4, 1097, 2, 0, 0, 1, 0.863333333333333, 1
4, 1098, 2, 0, 0, 1, 0.319866666666667, 1
4, 1099, 2, 0, 0, 1, 0.118133333333333, 1
4, 1100, 2, 0, 0, 1, 0.645866666666667, 1
4, 1101, 2, 0, 0, 1, 0.733866666666667, 1
4, 1102, 2, 0, 0, 1, 0.863066666666667, 1
4, 1103, 2, 0, 0, 1, 0.8928, 1
4, 1104, 2, 0, 0, 1, 0.9688, 1
4, 1105, 2, 0, 0, 1, 0.406533333333333, 1
4, 1106, 2, 0, 0, 1, 0.2416, 1
4, 1107, 2, 0, 0, 1, 0.4624, 1
4, 1108, 2, 0, 0, 1, 0.1744, 1
4, 1109, 2, 0, 0, 1, 0.609066666666667, 1
4, 1110, 2, 0, 0, 1, 0.568933333333333, 1
4, 1111, 2, 0, 0, 1, 0.492, 1
4, 1112, 2, 0, 0, 1, 0.346933333333333, 1
4, 1113, 2, 0, 0, 1, 0.755733333333333, 1
4, 1114, 2, 0, 0, 1, 0.871333333333333, 1
4, 1115, 2, 0, 0, 1, 0.1592, 1
4, 1116, 2, 0, 0, 1, 0.742, 1
4, 1117, 2, 0, 0, 1, 0.216133333333333, 1
4, 1118, 2, 0, 0, 1, 0.5388, 1
4, 1119, 2, 0, 0, 1, 0.930933333333333, 1
4, 1120, 2, 0, 0, 1, 0.665733333333333, 1
4, 1121, 2, 0, 0, 1, 0.911733333333333, 1
4, 1122, 2, 0, 0, 1, 0.579466666666667, 1
4, 1123, 2, 0, 0, 1, 0.78, 1
4, 1124, 2, 0, 0, 1, 0.145066666666667, 1
4, 1125, 2, 0, 0, 1, 0.529733333333333, 1
4, 1126, 2, 1, 0, 0, 0.995466666666667, 1
4, 1127, 2, 0, 0, 1, 0.767066666666667, 1
4, 1128, 2, 0, 0, 1, 0.5432, 1
4, 1129, 2, 0, 0, 1, 0.213333333333333, 1
4, 1130, 2, 0, 0, 1, 0.625466666666667, 1
4, 1131, 2, 0, 0, 1, 0.812533333333333, 1
4, 1132, 2, 0, 0, 1, 0.52, 1
4, 1133, 2, 0, 0, 1, 0.795066666666667, 1
4, 1134, 2, 0, 0, 1, 0.0716, 1
4, 1135, 2, 0, 1, 0, 0.004, 1
4, 1136, 2, 0, 1, 0, 0.0496, 1
4, 1137, 2, 0, 0, 1, 0.507066666666667, 1
4, 1138, 2, 0, 0, 1, 0.8132, 1
4, 1139, 2, 0, 0, 1, 0.567066666666667, 1
4, 1140, 2, 0, 0, 1, 0.5564, 1
4, 1141, 2, 0, 0, 1, 0.4556, 1
4, 1142, 2, 0, 0, 1, 0.883333333333333, 1
4, 1143, 2, 0, 0, 1, 0.787333333333333, 1
4, 1144, 2, 0, 0, 1, 0.380133333333333, 1
4, 1145, 2, 0, 0, 1, 0.964266666666667, 1
4, 1146, 2, 0, 0, 1, 0.589333333333333, 1
4, 1147, 2, 0, 0, 1, 0.254933333333333, 1
4, 1148, 2, 0, 0, 1, 0.7832, 1
4, 1149, 2, 0, 0, 1, 0.1244, 1
4, 1150, 2, 0, 0, 1, 0.498933333333333, 1
4, 1151, 2, 0, 0, 1, 0.880133333333333, 1
4, 1152, 2, 0, 0, 1, 0.652, 1
4, 1153, 2, 0, 0, 1, 0.372, 1
4, 1154, 2, 0, 0, 1, 0.848533333333333, 1
4, 1155, 2, 0, 0, 1, 0.876266666666667, 1
4, 1156, 2, 0, 0, 1, 0.074, 1
4, 1157, 2, 0, 0, 1, 0.833066666666667, 1
4, 1158, 2, 0, 0, 1, 0.953733333333333, 1
4, 1159, 2, 0, 0, 1, 0.7596, 1
4, 1160, 2, 0, 0, 1, 0.945333333333333, 1
4, 1161, 2, 0, 0, 1, 0.8328, 1
4, 1162, 2, 0, 0, 1, 0.352133333333333, 1
4, 1163, 2, 0, 0, 1, 0.0978666666666667, 1
4, 1164, 2, 0, 0, 1, 0.144533333333333, 1
4, 1165, 2, 0, 0, 1, 0.204, 1
4, 1166, 2, 0, 0, 1, 0.663733333333333, 1
4, 1167, 2, 0, 0, 1, 0.7692, 1
4, 1168, 2, 0, 0, 1, 0.800266666666667, 1
4, 1169, 2, 0, 1, 0, 0.0106666666666667, 1
4, 1170, 2, 0, 0, 1, 0.312533333333333, 1
4, 1171, 2, 0, 0, 1, 0.178533333333333, 1
4, 1172, 2, 0, 0, 1, 0.2608, 1
4, 1173, 2, 0, 0, 1, 0.412666666666667, 1
4, 1174, 2, 0, 0, 1, 0.816266666666667, 1
4, 1175, 2, 0, 0, 1, 0.2896, 1
4, 1176, 2, 0, 0, 1, 0.659333333333333, 1
4, 1177, 2, 0, 0, 1, 0.6392, 1
4, 1178, 2, 0, 0, 1, 0.828133333333333, 1
4, 1179, 2, 0, 0, 1, 0.587866666666667, 1
4, 1180, 2, 0, 0, 1, 0.524266666666667, 1
4, 1181, 2, 0, 0, 1, 0.3008, 1
4, 1182, 2, 0, 0, 1, 0.874, 1
4, 1183, 2, 0, 1, 0, 0.0498666666666667, 1
4, 1184, 2, 0, 0, 1, 0.890133333333333, 1
4, 1185, 2, 0, 0, 1, 0.406, 1
4, 1186, 2, 0, 0, 1, 0.528666666666667, 1
4, 1187, 2, 0, 0, 1, 0.244933333333333, 1
4, 1188, 2, 0, 0, 1, 0.1176, 1
4, 1189, 2, 0, 0, 1, 0.227066666666667, 1
4, 1190, 2, 0, 0, 1, 0.800933333333333, 1
4, 1191, 2, 0, 0, 1, 0.066, 1
4, 1192, 2, 0, 0, 1, 0.7552, 1
4, 1193, 2, 0, 0, 1, 0.951733333333333, 1
4, 1194, 2, 0, 0, 1, 0.515866666666667, 1
4, 1195, 2, 0, 0, 1, 0.9312, 1
4, 1196, 2, 0, 0, 1, 0.961066666666667, 1
4, 1197, 2, 0, 0, 1, 0.566933333333333, 1
4, 1198, 2, 0, 0, 1, 0.2484, 1
4, 1199, 2, 0, 0, 1, 0.7988, 1
4, 1200, 2, 0, 1, 0, 0.0132, 1
4, 1201, 2, 0, 0, 1, 0.469733333333333, 1
4, 1202, 2, 0, 0, 1, 0.1904, 1
4, 1203, 2, 0, 0, 1, 0.957333333333333, 1
4, 1204, 2, 0, 0, 1, 0.635466666666667, 1
4, 1205, 2, 0, 0, 1, 0.877066666666667, 1
4, 1206, 2, 0, 0, 1, 0.421066666666667, 1
4, 1207, 2, 0, 0, 1, 0.665333333333333, 1
4, 1208, 2, 0, 0, 1, 0.376133333333333, 1
4, 1209, 2, 0, 0, 1, 0.741066666666667, 1
4, 1210, 2, 0, 1, 0, 0.0288, 1
4, 1211, 2, 0, 0, 1, 0.1688, 1
4, 1212, 2, 0, 0, 1, 0.523466666666667, 1
4, 1213, 2, 0, 0, 1, 0.959733333333333, 1
4, 1214, 2, 0, 0, 1, 0.784133333333333, 1
4, 1215, 2, 0, 0, 1, 0.749866666666667, 1
4, 1216, 2, 0, 1, 0, 0.0202666666666667, 1
4, 1217, 2, 0, 0, 1, 0.656666666666667, 1
4, 1218, 2, 0, 0, 1, 0.604533333333333, 1
4, 1219, 2, 0, 0, 1, 0.683466666666667, 1
4, 1220, 2, 0, 0, 1, 0.528, 1
4, 1221, 2, 0, 0, 1, 0.396666666666667, 1
4, 1222, 2, 0, 0, 1, 0.296933333333333, 1
4, 1223, 2, 0, 1, 0, 0.0048, 1
4, 1224, 2, 0, 0, 1, 0.576533333333333, 1
4, 1225, 2, 0, 0, 1, 0.0758666666666667, 1
4, 1226, 2, 0, 0, 1, 0.114666666666667, 1
4, 1227, 2, 0, 1, 0, 0.0290666666666667, 1
4, 1228, 2, 0, 0, 1, 0.621066666666667, 1
4, 1229, 2, 0, 0, 1, 0.425066666666667, 1
4, 1230, 2, 0, 0, 1, 0.291333333333333, 1
4, 1231, 2, 0, 0, 1, 0.6072, 1
4, 1232, 2, 0, 0, 1, 0.675866666666667, 1
4, 1233, 2, 0, 0, 1, 0.5004, 1
4, 1234, 2, 0, 0, 1, 0.373733333333333, 1
4, 1235, 2, 0, 0, 1, 0.481466666666667, 1
4, 1236, 2, 0, 0, 1, 0.547733333333333, 1
4, 1237, 2, 0, 0, 1, 0.275466666666667, 1
4, 1238, 2, 0, 0, 1, 0.2216, 1
4, 1239, 2, 0, 0, 1, 0.7452, 1
4, 1240, 2, 0, 0, 1, 0.6604, 1
4, 1241, 2, 0, 0, 1, 0.4096, 1
4, 1242, 2, 1, 0, 0, 0.9952, 1
4, 1243, 2, 0, 0, 1, 0.941466666666667, 1
4, 1244, 2, 0, 0, 1, 0.777333333333333, 1
4, 1245, 2, 0, 0, 1, 0.5164, 1
4, 1246, 2, 0, 0, 1, 0.409333333333333, 1
4, 1247, 2, 0, 0, 1, 0.134533333333333, 1
4, 1248, 2, 0, 0, 1, 0.540933333333333, 1
4, 1249, 2, 0, 0, 1, 0.947733333333333, 1
4, 1250, 2, 0, 0, 1, 0.264933333333333, 1
4, 1251, 2, 0, 0, 1, 0.241066666666667, 1
4, 1252, 2, 0, 1, 0, 0.0273333333333333, 1
4, 1253, 2, 0, 0, 1, 0.0972, 1
4, 1254, 2, 0, 1, 0, 0.0392, 1
4, 1255, 2, 0, 0, 1, 0.733066666666667, 1
4, 1256, 2, 0, 1, 0, 0.0356, 1
4, 1257, 2, 0, 0, 1, 0.7024, 1
4, 1258, 2, 0, 0, 1, 0.622, 1
4, 1259, 2, 0, 0, 1, 0.273066666666667, 1
4, 1260, 2, 0, 0, 1, 0.926, 1
4, 1261, 2, 0, 0, 1, 0.629733333333333, 1
4, 1262, 2, 0, 0, 1, 0.2736, 1
4, 1263, 2, 0, 0, 1, 0.595466666666667, 1
4, 1264, 2, 0, 0, 1, 0.414933333333333, 1
4, 1265, 2, 0, 1, 0, 0.0341333333333333, 1
4, 1266, 2, 0, 0, 1, 0.553866666666667, 1
4, 1267, 2, 0, 0, 1, 0.111733333333333, 1
4, 1268, 2, 0, 0, 1, 0.3584, 1
4, 1269, 2, 0, 0, 1, 0.123733333333333, 1
4, 1270, 2, 0, 0, 1, 0.4272, 1
4, 1271, 2, 0, 0, 1, 0.726133333333333, 1
4, 1272, 2, 0, 0, 1, 0.752266666666667, 1
4, 1273, 2, 0, 0, 1, 0.39, 1
4, 1274, 2, 0, 0, 1, 0.889333333333333, 1
4, 1275, 2, 0, 0, 1, 0.603466666666667, 1
4, 1276, 2, 0, 0, 1, 0.254533333333333, 1
4, 1277, 2, 0, 0, 1, 0.172, 1
4, 1278, 2, 0, 0, 1, 0.689333333333333, 1
4, 1279, 2, 0, 0, 1, 0.9284, 1
4, 1280, 2, 0, 1, 0, 0.002, 1
4, 1281, 2, 0, 0, 1, 0.855066666666667, 1
4, 1282, 2, 0, 0, 1, 0.321733333333333, 1
4, 1283, 2, 0, 0, 1, 0.8188, 1
4, 1284, 2, 0, 0, 1, 0.809866666666667, 1
4, 1285, 2, 0, 0, 1, 0.3788, 1
4, 1286, 2, 0, 0, 1, 0.653866666666667, 1
4, 1287, 2, 0, 0, 1, 0.6068, 1
4, 1288, 2, 0, 0, 1, 0.290266666666667, 1
4, 1289, 2, 0, 0, 1, 0.1812, 1
4, 1290, 2, 0, 0, 1, 0.1168, 1
4, 1291, 2, 0, 1, 0, 0.0134666666666667, 1
4, 1292, 2, 0, 0, 1, 0.750933333333333, 1
4, 1293, 2, 0, 0, 1, 0.273333333333333, 1
4, 1294, 2, 0, 0, 1, 0.358133333333333, 1
4, 1295, 2, 0, 0, 1, 0.572933333333333, 1
4, 1296, 2, 0, 0, 1, 0.533866666666667, 1
4, 1297, 2, 0, 0, 1, 0.304266666666667, 1
4, 1298, 2, 0, 0, 1, 0.659866666666667, 1
4, 1299, 2, 0, 0, 1, 0.271733333333333, 1
4, 1300, 2, 0, 0, 1, 0.719733333333333, 1
4, 1301, 2, 0, 0, 1, 0.752933333333333, 1
4, 1302, 2, 0, 0, 1, 0.957733333333333, 1
4, 1303, 2, 0, 0, 1, 0.382666666666667, 1
4, 1304, 2, 0, 0, 1, 0.4744, 1
4, 1305, 2, 0, 0, 1, 0.227733333333333, 1
4, 1306, 2, 0, 0, 1, 0.259333333333333, 1
4, 1307, 2, 0, 0, 1, 0.3652, 1
4, 1308, 2, 0, 1, 0, 0.014, 1
4, 1309, 2, 0, 0, 1, 0.257066666666667, 1
4, 1310, 2, 0, 0, 1, 0.807466666666667, 1
4, 1311, 2, 0, 0, 1, 0.590266666666667, 1
4, 1312, 2, 0, 0, 1, 0.6688, 1
4, 1313, 2, 0, 0, 1, 0.414533333333333, 1
4, 1314, 2, 0, 0, 1, 0.616933333333333, 1
4, 1315, 2, 0, 0, 1, 0.666666666666667, 1
4, 1316, 2, 0, 0, 1, 0.970666666666667, 1
4, 1317, 2, 0, 1, 0, 0.0206666666666667, 1
4, 1318, 2, 0, 0, 1, 0.380533333333333, 1
4, 1319, 2, 0, 0, 1, 0.261066666666667, 1
4, 1320, 2, 0, 0, 1, 0.750933333333333, 1
4, 1321, 2, 0, 0, 1, 0.524933333333333, 1
4, 1322, 2, 0, 0, 1, 0.146133333333333, 1
4, 1323, 2, 0, 0, 1, 0.5596, 1
4, 1324, 2, 0, 0, 1, 0.0986666666666667, 1
4, 1325, 2, 0, 0, 1, 0.935066666666667, 1
4, 1326, 2, 0, 0, 1, 0.0909333333333333, 1
4, 1327, 2, 0, 0, 1, 0.2756, 1
4, 1328, 2, 0, 0, 1, 0.358533333333333, 1
4, 1329, 2, 0, 0, 1, 0.380666666666667, 1
4, 1330, 2, 0, 0, 1, 0.245866666666667, 1
4, 1331, 2, 1, 0, 0, 0.9856, 1
4, 1332, 2, 0, 0, 1, 0.9044, 1
4, 1333, 2, 0, 0, 1, 0.257866666666667, 1
4, 1334, 2, 0, 0, 1, 0.584933333333333, 1
4, 1335, 2, 0, 0, 1, 0.5608, 1
4, 1336, 2, 0, 0, 1, 0.2788, 1
4, 1337, 2, 0, 0, 1, 0.6664, 1
4, 1338, 2, 0, 0, 1, 0.228533333333333, 1
4, 1339, 2, 0, 1, 0, 0.0264, 1
4, 1340, 2, 0, 0, 1, 0.538666666666667, 1
4, 1341, 2, 0, 0, 1, 0.520533333333333, 1
4, 1342, 2, 0, 0, 1, 0.8152, 1
4, 1343, 2, 0, 0, 1, 0.555466666666667, 1
4, 1344, 2, 0, 0, 1, 0.103733333333333, 1
4, 1345, 2, 0, 0, 1, 0.8976, 1
4, 1346, 2, 0, 0, 1, 0.316666666666667, 1
4, 1347, 2, 0, 0, 1, 0.669866666666667, 1
4, 1348, 2, 0, 1, 0, 0.0048, 1
4, 1349, 2, 0, 0, 1, 0.1272, 1
4, 1350, 2, 0, 0, 1, 0.428933333333333, 1
4, 1351, 2, 0, 0, 1, 0.6612, 1
4, 1352, 2, 0, 0, 1, 0.418266666666667, 1
4, 1353, 2, 0, 0, 1, 0.404666666666667, 1
4, 1354, 2, 0, 0, 1, 0.765466666666667, 1
4, 1355, 2, 0, 0, 1, 0.296933333333333, 1
4, 1356, 2, 0, 0, 1, 0.248, 1
4, 1357, 2, 0, 0, 1, 0.606, 1
4, 1358, 2, 0, 0, 1, 0.05, 1
4, 1359, 2, 0, 0, 1, 0.423333333333333, 1
4, 1360, 2, 0, 0, 1, 0.0632, 1
4, 1361, 2, 0, 0, 1, 0.749866666666667, 1
4, 1362, 2, 0, 0, 1, 0.723733333333333, 1
4, 1363, 2, 0, 0, 1, 0.382933333333333, 1
4, 1364, 2, 0, 0, 1, 0.3876, 1
4, 1365, 2, 0, 0, 1, 0.7444, 1
4, 1366, 2, 0, 0, 1, 0.7424, 1
4, 1367, 2, 0, 0, 1, 0.5244, 1
4, 1368, 2, 0, 0, 1, 0.814666666666667, 1
4, 1369, 2, 0, 0, 1, 0.0864, 1
4, 1370, 2, 0, 0, 1, 0.701333333333333, 1
4, 1371, 2, 0, 0, 1, 0.452933333333333, 1
4, 1372, 2, 0, 0, 1, 0.562933333333333, 1
4, 1373, 2, 0, 0, 1, 0.197333333333333, 1
4, 1374, 2, 0, 0, 1, 0.731733333333333, 1
4, 1375, 2, 0, 0, 1, 0.608933333333333, 1
4, 1376, 2, 0, 0, 1, 0.581066666666667, 1
4, 1377, 2, 0, 0, 1, 0.6184, 1
4, 1378, 2, 0, 0, 1, 0.659866666666667, 1
4, 1379, 2, 0, 0, 1, 0.509066666666667, 1
4, 1380, 2, 0, 0, 1, 0.1196, 1
4, 1381, 2, 0, 0, 1, 0.6924, 1
4, 1382, 2, 0, 0, 1, 0.8848, 1
4, 1383, 2, 0, 0, 1, 0.808533333333333, 1
4, 1384, 2, 0, 0, 1, 0.563866666666667, 1
4, 1385, 2, 0, 0, 1, 0.8892, 1
4, 1386, 2, 0, 0, 1, 0.0994666666666667, 1
4, 1387, 2, 0, 0, 1, 0.166666666666667, 1
4, 1388, 2, 0, 0, 1, 0.0826666666666667, 1
4, 1389, 2, 0, 0, 1, 0.9036, 1
4, 1390, 2, 0, 0, 1, 0.325866666666667, 1
4, 1391, 2, 0, 0, 1, 0.2132, 1
4, 1392, 2, 0, 0, 1, 0.808666666666667, 1
4, 1393, 2, 0, 0, 1, 0.854, 1
4, 1394, 2, 0, 0, 1, 0.138133333333333, 1
4, 1395, 2, 0, 0, 1, 0.0690666666666667, 1
4, 1396, 2, 0, 0, 1, 0.9504, 1
4, 1397, 2, 0, 0, 1, 0.1072, 1
4, 1398, 2, 0, 0, 1, 0.5528, 1
4, 1399, 2, 0, 0, 1, 0.3652, 1
4, 1400, 2, 0, 0, 1, 0.8952, 1
4, 1401, 2, 0, 0, 1, 0.508666666666667, 1
4, 1402, 2, 0, 0, 1, 0.6332, 1
4, 1403, 2, 0, 0, 1, 0.368666666666667, 1
4, 1404, 2, 0, 0, 1, 0.8056, 1
4, 1405, 2, 0, 0, 1, 0.485733333333333, 1
4, 1406, 2, 0, 0, 1, 0.2876, 1
4, 1407, 2, 0, 0, 1, 0.6276, 1
4, 1408, 2, 0, 0, 1, 0.427333333333333, 1
4, 1409, 2, 0, 0, 1, 0.533733333333333, 1
4, 1410, 2, 0, 0, 1, 0.3668, 1
4, 1411, 2, 0, 1, 0, 0.0310666666666667, 1
4, 1412, 2, 0, 0, 1, 0.0665333333333333, 1
4, 1413, 2, 0, 0, 1, 0.771866666666667, 1
4, 1414, 2, 0, 0, 1, 0.862, 1
4, 1415, 2, 0, 0, 1, 0.585333333333333, 1
4, 1416, 2, 0, 0, 1, 0.638, 1
4, 1417, 2, 0, 0, 1, 0.804666666666667, 1
4, 1418, 2, 0, 0, 1, 0.197733333333333, 1
4, 1419, 2, 0, 0, 1, 0.458133333333333, 1
4, 1420, 2, 0, 0, 1, 0.973333333333333, 1
4, 1421, 2, 0, 0, 1, 0.4524, 1
4, 1422, 2, 0, 0, 1, 0.698133333333333, 1
4, 1423, 2, 0, 0, 1, 0.0952, 1
4, 1424, 2, 0, 0, 1, 0.145866666666667, 1
4, 1425, 2, 0, 0, 1, 0.141866666666667, 1
4, 1426, 2, 0, 0, 1, 0.8568, 1
4, 1427, 2, 0, 0, 1, 0.732933333333333, 1
4, 1428, 2, 0, 0, 1, 0.176533333333333, 1
4, 1429, 2, 0, 0, 1, 0.647066666666667, 1
4, 1430, 2, 0, 0, 1, 0.8628, 1
4, 1431, 2, 0, 0, 1, 0.3332, 1
4, 1432, 2, 0, 0, 1, 0.274533333333333, 1
4, 1433, 2, 0, 0, 1, 0.7172, 1
4, 1434, 2, 0, 0, 1, 0.854666666666667, 1
4, 1435, 2, 0, 0, 1, 0.216, 1
4, 1436, 2, 0, 0, 1, 0.3868, 1
4, 1437, 2, 0, 1, 0, 0.0381333333333333, 1
4, 1438, 2, 0, 1, 0, 0.0321333333333333, 1
4, 1439, 2, 0, 0, 1, 0.594533333333333, 1
4, 1440, 2, 0, 0, 1, 0.418133333333333, 1
4, 1441, 2, 0, 0, 1, 0.880666666666667, 1
4, 1442, 2, 0, 0, 1, 0.828933333333333, 1
4, 1443, 2, 0, 0, 1, 0.596933333333333, 1
4, 1444, 2, 0, 0, 1, 0.315866666666667, 1
4, 1445, 2, 0, 0, 1, 0.795066666666667, 1
4, 1446, 2, 0, 1, 0, 0.0110666666666667, 1
4, 1447, 2, 0, 0, 1, 0.314266666666667, 1
4, 1448, 2, 0, 0, 1, 0.4696, 1
4, 1449, 2, 0, 0, 1, 0.827066666666667, 1
4, 1450, 2, 0, 0, 1, 0.8836, 1
4, 1451, 2, 0, 0, 1, 0.914933333333333, 1
4, 1452, 2, 0, 0, 1, 0.2072, 1
4, 1453, 2, 0, 0, 1, 0.226933333333333, 1
4, 1454, 2, 0, 0, 1, 0.1388, 1
4, 1455, 2, 0, 0, 1, 0.228266666666667, 1
4, 1456, 2, 0, 0, 1, 0.806133333333333, 1
4, 1457, 2, 0, 0, 1, 0.1284, 1
4, 1458, 2, 0, 0, 1, 0.152666666666667, 1
4, 1459, 2, 0, 0, 1, 0.936, 1
4, 1460, 2, 0, 0, 1, 0.142, 1
4, 1461, 2, 0, 0, 1, 0.5368, 1
4, 1462, 2, 0, 0, 1, 0.0824, 1
4, 1463, 2, 0, 0, 1, 0.95, 1
4, 1464, 2, 0, 0, 1, 0.621466666666667, 1
4, 1465, 2, 0, 1, 0, 0.0229333333333333, 1
4, 1466, 2, 0, 0, 1, 0.866, 1
4, 1467, 2, 0, 0, 1, 0.838533333333333, 1
4, 1468, 2, 0, 0, 1, 0.956, 1
4, 1469, 2, 0, 0, 1, 0.839466666666667, 1
4, 1470, 2, 0, 0, 1, 0.0618666666666667, 1
4, 1471, 2, 0, 0, 1, 0.456266666666667, 1
4, 1472, 2, 0, 0, 1, 0.0737333333333333, 1
4, 1473, 2, 0, 0, 1, 0.0629333333333333, 1
4, 1474, 2, 0, 0, 1, 0.396133333333333, 1
4, 1475, 2, 0, 0, 1, 0.4524, 1
4, 1476, 2, 0, 0, 1, 0.164, 1
4, 1477, 2, 0, 0, 1, 0.384266666666667, 1
4, 1478, 2, 0, 1, 0, 0.0452, 1
4, 1479, 2, 0, 0, 1, 0.5128, 1
4, 1480, 2, 0, 0, 1, 0.740933333333333, 1
4, 1481, 2, 0, 0, 1, 0.537066666666667, 1
4, 1482, 2, 0, 0, 1, 0.249066666666667, 1
4, 1483, 2, 0, 0, 1, 0.337466666666667, 1
4, 1484, 2, 0, 0, 1, 0.599466666666667, 1
4, 1485, 2, 0, 0, 1, 0.4096, 1
4, 1486, 2, 0, 0, 1, 0.661466666666667, 1
4, 1487, 2, 0, 0, 1, 0.313733333333333, 1
4, 1488, 2, 0, 0, 1, 0.853866666666667, 1
4, 1489, 2, 0, 0, 1, 0.1308, 1
4, 1490, 2, 0, 0, 1, 0.203733333333333, 1
4, 1491, 2, 0, 0, 1, 0.677066666666667, 1
4, 1492, 2, 0, 1, 0, 0.0433333333333333, 1
4, 1493, 2, 0, 0, 1, 0.5752, 1
4, 1494, 2, 0, 0, 1, 0.272533333333333, 1
4, 1495, 2, 0, 0, 1, 0.8096, 1
4, 1496, 2, 0, 0, 1, 0.2572, 1
4, 1497, 2, 0, 0, 1, 0.891466666666667, 1
4, 1498, 2, 0, 0, 1, 0.732, 1
4, 1499, 2, 0, 0, 1, 0.8172, 1
4, 1500, 2, 0, 0, 1, 0.925333333333333, 1
4, 1501, 2, 1, 0, 0, 0.998266666666667, 1
4, 1502, 2, 1, 0, 0, 0.9996, 1
4, 1503, 2, 1, 0, 0, 0.9996, 1
4, 1504, 2, 1, 0, 0, 0.993733333333333, 1
4, 1505, 2, 1, 0, 0, 1, 1
4, 1506, 2, 1, 0, 0, 1, 1
4, 1507, 2, 1, 0, 0, 1, 1
4, 1508, 2, 1, 0, 0, 0.998266666666667, 1
4, 1509, 2, 1, 0, 0, 0.999066666666667, 1
4, 1510, 2, 1, 0, 0, 0.996666666666667, 1
4, 1511, 2, 1, 0, 0, 0.999866666666667, 1
4, 1512, 2, 1, 0, 0, 1, 1
4, 1513, 2, 1, 0, 0, 1, 1
4, 1514, 2, 1, 0, 0, 0.999333333333333, 1
4, 1515, 2, 1, 0, 0, 0.997466666666667, 1
4, 1516, 2, 0, 0, 1, 0.974133333333333, 1
4, 1517, 2, 1, 0, 0, 1, 1
4, 1518, 2, 1, 0, 0, 1, 1
4, 1519, 2, 1, 0, 0, 1, 1
4, 1520, 2, 1, 0, 0, 1, 1
4, 1521, 2, 1, 0, 0, 1, 1
4, 1522, 2, 1, 0, 0, 1, 1
4, 1523, 2, 1, 0, 0, 1, 1
4, 1524, 2, 1, 0, 0, 0.994933333333333, 1
4, 1525, 2, 1, 0, 0, 0.999733333333333, 1
4, 1526, 2, 1, 0, 0, 0.994133333333333, 1
4, 1527, 2, 1, 0, 0, 1, 1
4, 1528, 2, 1, 0, 0, 0.999066666666667, 1
4, 1529, 2, 1, 0, 0, 1, 1
4, 1530, 2, 1, 0, 0, 1, 1
4, 1531, 2, 1, 0, 0, 1, 1
4, 1532, 2, 1, 0, 0, 0.999866666666667, 1
4, 1533, 2, 1, 0, 0, 0.998933333333333, 1
4, 1534, 2, 1, 0, 0, 1, 1
4, 1535, 2, 1, 0, 0, 1, 1
4, 1536, 2, 1, 0, 0, 0.998133333333333, 1
4, 1537, 2, 1, 0, 0, 1, 1
4, 1538, 2, 1, 0, 0, 0.991066666666667, 1
4, 1539, 2, 1, 0, 0, 0.983466666666667, 1
4, 1540, 2, 1, 0, 0, 1, 1
4, 1541, 2, 1, 0, 0, 0.999866666666667, 1
4, 1542, 2, 1, 0, 0, 0.998666666666667, 1
4, 1543, 2, 1, 0, 0, 0.9924, 1
4, 1544, 2, 1, 0, 0, 1, 1
4, 1545, 2, 0, 0, 1, 0.878266666666667, 1
4, 1546, 2, 1, 0, 0, 1, 1
4, 1547, 2, 1, 0, 0, 1, 1
4, 1548, 2, 1, 0, 0, 0.999866666666667, 1
4, 1549, 2, 1, 0, 0, 1, 1
4, 1550, 2, 1, 0, 0, 1, 1
4, 1551, 2, 1, 0, 0, 1, 1
4, 1552, 2, 1, 0, 0, 0.986933333333333, 1
4, 1553, 2, 1, 0, 0, 0.994133333333333, 1
4, 1554, 2, 1, 0, 0, 1, 1
4, 1555, 2, 1, 0, 0, 1, 1
4, 1556, 2, 0, 0, 1, 0.972266666666667, 1
4, 1557, 2, 1, 0, 0, 1, 1
4, 1558, 2, 1, 0, 0, 0.998666666666667, 1
4, 1559, 2, 1, 0, 0, 0.996133333333333, 1
4, 1560, 2, 1, 0, 0, 0.999866666666667, 1
4, 1561, 2, 1, 0, 0, 0.9948, 1
4, 1562, 2, 1, 0, 0, 1, 1
4, 1563, 2, 1, 0, 0, 0.991866666666667, 1
4, 1564, 2, 1, 0, 0, 0.999733333333333, 1
4, 1565, 2, 1, 0, 0, 0.988666666666667, 1
4, 1566, 2, 1, 0, 0, 1, 1
4, 1567, 2, 1, 0, 0, 0.999733333333333, 1
4, 1568, 2, 1, 0, 0, 0.999866666666667, 1
4, 1569, 2, 1, 0, 0, 0.999733333333333, 1
4, 1570, 2, 1, 0, 0, 0.999866666666667, 1
4, 1571, 2, 1, 0, 0, 1, 1
4, 1572, 2, 1, 0, 0, 1, 1
4, 1573, 2, 1, 0, 0, 0.998266666666667, 1
4, 1574, 2, 0, 0, 1, 0.921466666666667, 1
4, 1575, 2, 1, 0, 0, 0.999866666666667, 1
4, 1576, 2, 1, 0, 0, 0.992, 1
4, 1577, 2, 1, 0, 0, 0.999733333333333, 1
4, 1578, 2, 1, 0, 0, 1, 1
4, 1579, 2, 1, 0, 0, 0.997866666666667, 1
4, 1580, 2, 1, 0, 0, 0.983066666666667, 1
4, 1581, 2, 0, 0, 1, 0.969466666666667, 1
4, 1582, 2, 1, 0, 0, 0.999733333333333, 1
4, 1583, 2, 1, 0, 0, 0.998266666666667, 1
4, 1584, 2, 1, 0, 0, 0.995866666666667, 1
4, 1585, 2, 1, 0, 0, 0.998933333333333, 1
4, 1586, 2, 1, 0, 0, 0.999866666666667, 1
4, 1587, 2, 0, 0, 1, 0.953066666666667, 1
4, 1588, 2, 1, 0, 0, 0.997733333333333, 1
4, 1589, 2, 1, 0, 0, 0.999333333333333, 1
4, 1590, 2, 1, 0, 0, 1, 1
4, 1591, 2, 1, 0, 0, 1, 1
4, 1592, 2, 1, 0, 0, 0.999466666666667, 1
4, 1593, 2, 1, 0, 0, 1, 1
4, 1594, 2, 1, 0, 0, 0.9992, 1
4, 1595, 2, 1, 0, 0, 1, 1
4, 1596, 2, 1, 0, 0, 0.9996, 1
4, 1597, 2, 0, 0, 1, 0.8676, 1
4, 1598, 2, 1, 0, 0, 1, 1
4, 1599, 2, 1, 0, 0, 1, 1
4, 1600, 2, 1, 0, 0, 1, 1
4, 1601, 2, 1, 0, 0, 0.9968, 1
4, 1602, 2, 1, 0, 0, 0.9996, 1
4, 1603, 2, 1, 0, 0, 0.999866666666667, 1
4, 1604, 2, 1, 0, 0, 1, 1
4, 1605, 2, 1, 0, 0, 0.9868, 1
4, 1606, 2, 1, 0, 0, 0.999733333333333, 1
4, 1607, 2, 1, 0, 0, 0.998533333333333, 1
4, 1608, 2, 1, 0, 0, 0.998533333333333, 1
4, 1609, 2, 1, 0, 0, 0.999466666666667, 1
4, 1610, 2, 1, 0, 0, 0.983733333333333, 1
4, 1611, 2, 1, 0, 0, 1, 1
4, 1612, 2, 1, 0, 0, 0.999866666666667, 1
4, 1613, 2, 1, 0, 0, 0.9992, 1
4, 1614, 2, 1, 0, 0, 1, 1
4, 1615, 2, 1, 0, 0, 0.999466666666667, 1
4, 1616, 2, 1, 0, 0, 1, 1
4, 1617, 2, 1, 0, 0, 0.999866666666667, 1
4, 1618, 2, 1, 0, 0, 0.999066666666667, 1
4, 1619, 2, 1, 0, 0, 0.9996, 1
4, 1620, 2, 1, 0, 0, 1, 1
4, 1621, 2, 1, 0, 0, 0.999866666666667, 1
4, 1622, 2, 1, 0, 0, 0.999333333333333, 1
4, 1623, 2, 1, 0, 0, 1, 1
4, 1624, 2, 1, 0, 0, 0.999466666666667, 1
4, 1625, 2, 1, 0, 0, 0.999733333333333, 1
4, 1626, 2, 1, 0, 0, 1, 1
4, 1627, 2, 0, 0, 1, 0.926533333333333, 1
4, 1628, 2, 1, 0, 0, 0.999866666666667, 1
4, 1629, 2, 1, 0, 0, 1, 1
4, 1630, 2, 1, 0, 0, 0.999866666666667, 1
4, 1631, 2, 1, 0, 0, 1, 1
4, 1632, 2, 1, 0, 0, 1, 1
4, 1633, 2, 1, 0, 0, 0.990933333333333, 1
4, 1634, 2, 0, 0, 1, 0.95, 1
4, 1635, 2, 1, 0, 0, 1, 1
4, 1636, 2, 1, 0, 0, 0.999733333333333, 1
4, 1637, 2, 1, 0, 0, 0.999866666666667, 1
4, 1638, 2, 1, 0, 0, 0.984666666666667, 1
4, 1639, 2, 1, 0, 0, 0.999333333333333, 1
4, 1640, 2, 1, 0, 0, 0.999866666666667, 1
4, 1641, 2, 1, 0, 0, 0.996, 1
4, 1642, 2, 1, 0, 0, 0.9988, 1
4, 1643, 2, 1, 0, 0, 1, 1
4, 1644, 2, 1, 0, 0, 1, 1
4, 1645, 2, 1, 0, 0, 1, 1
4, 1646, 2, 1, 0, 0, 0.999866666666667, 1
4, 1647, 2, 1, 0, 0, 0.999866666666667, 1
4, 1648, 2, 1, 0, 0, 1, 1
4, 1649, 2, 1, 0, 0, 1, 1
4, 1650, 2, 1, 0, 0, 1, 1
4, 1651, 2, 1, 0, 0, 0.9968, 1
4, 1652, 2, 1, 0, 0, 0.9968, 1
4, 1653, 2, 1, 0, 0, 1, 1
4, 1654, 2, 1, 0, 0, 0.998, 1
4, 1655, 2, 1, 0, 0, 1, 1
4, 1656, 2, 1, 0, 0, 1, 1
4, 1657, 2, 1, 0, 0, 1, 1
4, 1658, 2, 0, 0, 1, 0.968533333333333, 1
4, 1659, 2, 1, 0, 0, 0.9992, 1
4, 1660, 2, 0, 0, 1, 0.956533333333333, 1
4, 1661, 2, 1, 0, 0, 0.984133333333333, 1
4, 1662, 2, 1, 0, 0, 1, 1
4, 1663, 2, 1, 0, 0, 0.9952, 1
4, 1664, 2, 1, 0, 0, 0.997733333333333, 1
4, 1665, 2, 1, 0, 0, 1, 1
4, 1666, 2, 1, 0, 0, 1, 1
4, 1667, 2, 1, 0, 0, 1, 1
4, 1668, 2, 1, 0, 0, 0.998933333333333, 1
4, 1669, 2, 1, 0, 0, 0.9944, 1
4, 1670, 2, 1, 0, 0, 1, 1
4, 1671, 2, 1, 0, 0, 0.999733333333333, 1
4, 1672, 2, 1, 0, 0, 1, 1
4, 1673, 2, 1, 0, 0, 0.998666666666667, 1
4, 1674, 2, 1, 0, 0, 0.999066666666667, 1
4, 1675, 2, 1, 0, 0, 0.999866666666667, 1
4, 1676, 2, 1, 0, 0, 1, 1
4, 1677, 2, 1, 0, 0, 0.9972, 1
4, 1678, 2, 1, 0, 0, 1, 1
4, 1679, 2, 1, 0, 0, 0.998266666666667, 1
4, 1680, 2, 1, 0, 0, 0.998133333333333, 1
4, 1681, 2, 1, 0, 0, 0.999866666666667, 1
4, 1682, 2, 1, 0, 0, 1, 1
4, 1683, 2, 1, 0, 0, 0.987866666666667, 1
4, 1684, 2, 1, 0, 0, 1, 1
4, 1685, 2, 1, 0, 0, 1, 1
4, 1686, 2, 1, 0, 0, 1, 1
4, 1687, 2, 1, 0, 0, 0.9952, 1
4, 1688, 2, 1, 0, 0, 1, 1
4, 1689, 2, 1, 0, 0, 0.999733333333333, 1
4, 1690, 2, 1, 0, 0, 0.999333333333333, 1
4, 1691, 2, 1, 0, 0, 1, 1
4, 1692, 2, 1, 0, 0, 1, 1
4, 1693, 2, 1, 0, 0, 0.999466666666667, 1
4, 1694, 2, 0, 0, 1, 0.965066666666667, 1
4, 1695, 2, 1, 0, 0, 1, 1
4, 1696, 2, 1, 0, 0, 0.999333333333333, 1
4, 1697, 2, 1, 0, 0, 0.9988, 1
4, 1698, 2, 1, 0, 0, 0.999733333333333, 1
4, 1699, 2, 1, 0, 0, 0.994933333333333, 1
4, 1700, 2, 1, 0, 0, 0.9952, 1
4, 1701, 2, 1, 0, 0, 1, 1
4, 1702, 2, 1, 0, 0, 1, 1
4, 1703, 2, 1, 0, 0, 0.999066666666667, 1
4, 1704, 2, 1, 0, 0, 1, 1
4, 1705, 2, 1, 0, 0, 0.998, 1
4, 1706, 2, 1, 0, 0, 0.999866666666667, 1
4, 1707, 2, 1, 0, 0, 1, 1
4, 1708, 2, 1, 0, 0, 1, 1
4, 1709, 2, 1, 0, 0, 0.999733333333333, 1
4, 1710, 2, 1, 0, 0, 0.995866666666667, 1
4, 1711, 2, 1, 0, 0, 1, 1
4, 1712, 2, 1, 0, 0, 0.993733333333333, 1
4, 1713, 2, 1, 0, 0, 1, 1
4, 1714, 2, 1, 0, 0, 0.986133333333333, 1
4, 1715, 2, 1, 0, 0, 0.9988, 1
4, 1716, 2, 0, 0, 1, 0.962533333333333, 1
4, 1717, 2, 1, 0, 0, 0.997866666666667, 1
4, 1718, 2, 1, 0, 0, 0.999733333333333, 1
4, 1719, 2, 1, 0, 0, 0.9992, 1
4, 1720, 2, 1, 0, 0, 1, 1
4, 1721, 2, 1, 0, 0, 1, 1
4, 1722, 2, 1, 0, 0, 0.999066666666667, 1
4, 1723, 2, 1, 0, 0, 0.9992, 1
4, 1724, 2, 0, 0, 1, 0.974533333333333, 1
4, 1725, 2, 1, 0, 0, 0.983333333333333, 1
4, 1726, 2, 1, 0, 0, 0.998133333333333, 1
4, 1727, 2, 1, 0, 0, 1, 1
4, 1728, 2, 1, 0, 0, 0.999866666666667, 1
4, 1729, 2, 1, 0, 0, 1, 1
4, 1730, 2, 1, 0, 0, 0.999866666666667, 1
4, 1731, 2, 1, 0, 0, 0.9916, 1
4, 1732, 2, 1, 0, 0, 0.999866666666667, 1
4, 1733, 2, 1, 0, 0, 0.998666666666667, 1
4, 1734, 2, 1, 0, 0, 0.999333333333333, 1
4, 1735, 2, 1, 0, 0, 0.996933333333333, 1
4, 1736, 2, 1, 0, 0, 1, 1
4, 1737, 2, 1, 0, 0, 0.995733333333333, 1
4, 1738, 2, 1, 0, 0, 0.999066666666667, 1
4, 1739, 2, 1, 0, 0, 0.9996, 1
4, 1740, 2, 1, 0, 0, 0.999733333333333, 1
4, 1741, 2, 1, 0, 0, 0.999866666666667, 1
4, 1742, 2, 0, 0, 1, 0.965333333333333, 1
4, 1743, 2, 1, 0, 0, 0.999733333333333, 1
4, 1744, 2, 1, 0, 0, 0.9996, 1
4, 1745, 2, 1, 0, 0, 0.9996, 1
4, 1746, 2, 1, 0, 0, 0.999466666666667, 1
4, 1747, 2, 1, 0, 0, 0.998266666666667, 1
4, 1748, 2, 1, 0, 0, 0.999866666666667, 1
4, 1749, 2, 1, 0, 0, 1, 1
4, 1750, 2, 1, 0, 0, 0.999466666666667, 1
4, 1751, 2, 1, 0, 0, 0.999866666666667, 1
4, 1752, 2, 1, 0, 0, 1, 1
4, 1753, 2, 1, 0, 0, 1, 1
4, 1754, 2, 1, 0, 0, 0.997333333333333, 1
4, 1755, 2, 1, 0, 0, 1, 1
4, 1756, 2, 1, 0, 0, 0.9952, 1
4, 1757, 2, 1, 0, 0, 1, 1
4, 1758, 2, 1, 0, 0, 1, 1
4, 1759, 2, 1, 0, 0, 0.999066666666667, 1
4, 1760, 2, 1, 0, 0, 0.999866666666667, 1
4, 1761, 2, 1, 0, 0, 1, 1
4, 1762, 2, 1, 0, 0, 0.994, 1
4, 1763, 2, 1, 0, 0, 0.9924, 1
4, 1764, 2, 1, 0, 0, 0.9968, 1
4, 1765, 2, 1, 0, 0, 0.995866666666667, 1
4, 1766, 2, 1, 0, 0, 0.998933333333333, 1
4, 1767, 2, 1, 0, 0, 0.987333333333333, 1
4, 1768, 2, 1, 0, 0, 0.981866666666667, 1
4, 1769, 2, 1, 0, 0, 1, 1
4, 1770, 2, 0, 0, 1, 0.9676, 1
4, 1771, 2, 1, 0, 0, 0.983733333333333, 1
4, 1772, 2, 1, 0, 0, 0.997333333333333, 1
4, 1773, 2, 1, 0, 0, 0.999866666666667, 1
4, 1774, 2, 1, 0, 0, 0.999866666666667, 1
4, 1775, 2, 1, 0, 0, 0.999866666666667, 1
4, 1776, 2, 1, 0, 0, 1, 1
4, 1777, 2, 1, 0, 0, 0.998666666666667, 1
4, 1778, 2, 1, 0, 0, 0.999066666666667, 1
4, 1779, 2, 1, 0, 0, 1, 1
4, 1780, 2, 1, 0, 0, 1, 1
4, 1781, 2, 1, 0, 0, 0.999866666666667, 1
4, 1782, 2, 0, 0, 1, 0.939733333333333, 1
4, 1783, 2, 1, 0, 0, 1, 1
4, 1784, 2, 1, 0, 0, 0.997866666666667, 1
4, 1785, 2, 1, 0, 0, 0.999333333333333, 1
4, 1786, 2, 1, 0, 0, 0.999466666666667, 1
4, 1787, 2, 1, 0, 0, 1, 1
4, 1788, 2, 1, 0, 0, 1, 1
4, 1789, 2, 1, 0, 0, 0.9996, 1
4, 1790, 2, 1, 0, 0, 0.999866666666667, 1
4, 1791, 2, 1, 0, 0, 0.9992, 1
4, 1792, 2, 1, 0, 0, 1, 1
4, 1793, 2, 1, 0, 0, 0.999733333333333, 1
4, 1794, 2, 1, 0, 0, 0.986933333333333, 1
4, 1795, 2, 1, 0, 0, 0.9996, 1
4, 1796, 2, 1, 0, 0, 1, 1
4, 1797, 2, 0, 0, 1, 0.964533333333333, 1
4, 1798, 2, 1, 0, 0, 1, 1
4, 1799, 2, 1, 0, 0, 0.999733333333333, 1
4, 1800, 2, 1, 0, 0, 0.999733333333333, 1
4, 1801, 2, 1, 0, 0, 0.999866666666667, 1
4, 1802, 2, 1, 0, 0, 0.998933333333333, 1
4, 1803, 2, 0, 0, 1, 0.968533333333333, 1
4, 1804, 2, 1, 0, 0, 1, 1
4, 1805, 2, 1, 0, 0, 1, 1
4, 1806, 2, 1, 0, 0, 0.998933333333333, 1
4, 1807, 2, 1, 0, 0, 0.9988, 1
4, 1808, 2, 1, 0, 0, 0.992, 1
4, 1809, 2, 0, 0, 1, 0.956933333333333, 1
4, 1810, 2, 1, 0, 0, 0.999733333333333, 1
4, 1811, 2, 1, 0, 0, 0.999733333333333, 1
4, 1812, 2, 1, 0, 0, 0.997866666666667, 1
4, 1813, 2, 1, 0, 0, 0.999466666666667, 1
4, 1814, 2, 1, 0, 0, 1, 1
4, 1815, 2, 1, 0, 0, 0.997066666666667, 1
4, 1816, 2, 1, 0, 0, 1, 1
4, 1817, 2, 1, 0, 0, 0.9996, 1
4, 1818, 2, 1, 0, 0, 1, 1
4, 1819, 2, 1, 0, 0, 0.9988, 1
4, 1820, 2, 1, 0, 0, 1, 1
4, 1821, 2, 1, 0, 0, 1, 1
4, 1822, 2, 1, 0, 0, 1, 1
4, 1823, 2, 1, 0, 0, 0.999866666666667, 1
4, 1824, 2, 1, 0, 0, 0.999733333333333, 1
4, 1825, 2, 1, 0, 0, 1, 1
4, 1826, 2, 1, 0, 0, 1, 1
4, 1827, 2, 1, 0, 0, 1, 1
4, 1828, 2, 1, 0, 0, 1, 1
4, 1829, 2, 1, 0, 0, 1, 1
4, 1830, 2, 1, 0, 0, 0.999333333333333, 1
4, 1831, 2, 1, 0, 0, 0.999733333333333, 1
4, 1832, 2, 1, 0, 0, 0.999866666666667, 1
4, 1833, 2, 1, 0, 0, 0.9996, 1
4, 1834, 2, 1, 0, 0, 0.9996, 1
4, 1835, 2, 1, 0, 0, 1, 1
4, 1836, 2, 1, 0, 0, 0.987333333333333, 1
4, 1837, 2, 1, 0, 0, 0.999466666666667, 1
4, 1838, 2, 1, 0, 0, 0.992533333333333, 1
4, 1839, 2, 1, 0, 0, 0.999733333333333, 1
4, 1840, 2, 1, 0, 0, 0.999866666666667, 1
4, 1841, 2, 1, 0, 0, 1, 1
4, 1842, 2, 1, 0, 0, 1, 1
4, 1843, 2, 1, 0, 0, 1, 1
4, 1844, 2, 0, 0, 1, 0.928533333333333, 1
4, 1845, 2, 1, 0, 0, 1, 1
4, 1846, 2, 1, 0, 0, 0.999866666666667, 1
4, 1847, 2, 1, 0, 0, 0.9996, 1
4, 1848, 2, 1, 0, 0, 1, 1
4, 1849, 2, 1, 0, 0, 0.999866666666667, 1
4, 1850, 2, 1, 0, 0, 0.987333333333333, 1
4, 1851, 2, 1, 0, 0, 0.999866666666667, 1
4, 1852, 2, 1, 0, 0, 1, 1
4, 1853, 2, 1, 0, 0, 0.997066666666667, 1
4, 1854, 2, 1, 0, 0, 1, 1
4, 1855, 2, 1, 0, 0, 1, 1
4, 1856, 2, 1, 0, 0, 0.992266666666667, 1
4, 1857, 2, 1, 0, 0, 1, 1
4, 1858, 2, 1, 0, 0, 0.9912, 1
4, 1859, 2, 1, 0, 0, 0.999866666666667, 1
4, 1860, 2, 1, 0, 0, 1, 1
4, 1861, 2, 1, 0, 0, 0.999466666666667, 1
4, 1862, 2, 1, 0, 0, 0.998933333333333, 1
4, 1863, 2, 1, 0, 0, 0.999866666666667, 1
4, 1864, 2, 1, 0, 0, 1, 1
4, 1865, 2, 1, 0, 0, 1, 1
4, 1866, 2, 1, 0, 0, 0.997466666666667, 1
4, 1867, 2, 1, 0, 0, 1, 1
4, 1868, 2, 1, 0, 0, 1, 1
4, 1869, 2, 1, 0, 0, 0.996266666666667, 1
4, 1870, 2, 1, 0, 0, 1, 1
4, 1871, 2, 1, 0, 0, 0.999066666666667, 1
4, 1872, 2, 1, 0, 0, 1, 1
4, 1873, 2, 1, 0, 0, 0.9996, 1
4, 1874, 2, 1, 0, 0, 0.999866666666667, 1
4, 1875, 2, 1, 0, 0, 0.998133333333333, 1
4, 1876, 2, 1, 0, 0, 1, 1
4, 1877, 2, 1, 0, 0, 1, 1
4, 1878, 2, 0, 0, 1, 0.9468, 1
4, 1879, 2, 1, 0, 0, 0.999866666666667, 1
4, 1880, 2, 1, 0, 0, 1, 1
4, 1881, 2, 1, 0, 0, 0.9964, 1
4, 1882, 2, 1, 0, 0, 0.988933333333333, 1
4, 1883, 2, 1, 0, 0, 1, 1
4, 1884, 2, 1, 0, 0, 1, 1
4, 1885, 2, 1, 0, 0, 1, 1
4, 1886, 2, 1, 0, 0, 1, 1
4, 1887, 2, 1, 0, 0, 0.9992, 1
4, 1888, 2, 1, 0, 0, 1, 1
4, 1889, 2, 1, 0, 0, 1, 1
4, 1890, 2, 1, 0, 0, 1, 1
4, 1891, 2, 1, 0, 0, 0.999733333333333, 1
4, 1892, 2, 1, 0, 0, 0.996666666666667, 1
4, 1893, 2, 1, 0, 0, 0.988266666666667, 1
4, 1894, 2, 1, 0, 0, 0.998, 1
4, 1895, 2, 1, 0, 0, 0.9996, 1
4, 1896, 2, 1, 0, 0, 0.997733333333333, 1
4, 1897, 2, 1, 0, 0, 1, 1
4, 1898, 2, 1, 0, 0, 1, 1
4, 1899, 2, 1, 0, 0, 0.990933333333333, 1
4, 1900, 2, 1, 0, 0, 0.999733333333333, 1
4, 1901, 2, 1, 0, 0, 0.9976, 1
4, 1902, 2, 1, 0, 0, 0.999733333333333, 1
4, 1903, 2, 1, 0, 0, 0.994, 1
4, 1904, 2, 1, 0, 0, 0.9984, 1
4, 1905, 2, 1, 0, 0, 1, 1
4, 1906, 2, 1, 0, 0, 0.980533333333333, 1
4, 1907, 2, 1, 0, 0, 0.998666666666667, 1
4, 1908, 2, 1, 0, 0, 0.999866666666667, 1
4, 1909, 2, 1, 0, 0, 0.990533333333333, 1
4, 1910, 2, 1, 0, 0, 0.999866666666667, 1
4, 1911, 2, 1, 0, 0, 0.996533333333333, 1
4, 1912, 2, 1, 0, 0, 1, 1
4, 1913, 2, 1, 0, 0, 0.9796, 1
4, 1914, 2, 1, 0, 0, 0.996666666666667, 1
4, 1915, 2, 1, 0, 0, 1, 1
4, 1916, 2, 1, 0, 0, 1, 1
4, 1917, 2, 1, 0, 0, 0.999733333333333, 1
4, 1918, 2, 1, 0, 0, 1, 1
4, 1919, 2, 1, 0, 0, 0.999866666666667, 1
4, 1920, 2, 1, 0, 0, 0.999466666666667, 1
4, 1921, 2, 1, 0, 0, 1, 1
4, 1922, 2, 1, 0, 0, 0.999466666666667, 1
4, 1923, 2, 1, 0, 0, 0.999866666666667, 1
4, 1924, 2, 1, 0, 0, 1, 1
4, 1925, 2, 0, 0, 1, 0.946, 1
4, 1926, 2, 0, 0, 1, 0.9372, 1
4, 1927, 2, 1, 0, 0, 1, 1
4, 1928, 2, 1, 0, 0, 1, 1
4, 1929, 2, 1, 0, 0, 0.998, 1
4, 1930, 2, 1, 0, 0, 1, 1
4, 1931, 2, 1, 0, 0, 1, 1
4, 1932, 2, 1, 0, 0, 1, 1
4, 1933, 2, 1, 0, 0, 1, 1
4, 1934, 2, 1, 0, 0, 1, 1
4, 1935, 2, 1, 0, 0, 0.9996, 1
4, 1936, 2, 1, 0, 0, 1, 1
4, 1937, 2, 1, 0, 0, 1, 1
4, 1938, 2, 1, 0, 0, 0.996533333333333, 1
4, 1939, 2, 1, 0, 0, 0.996133333333333, 1
4, 1940, 2, 1, 0, 0, 0.998133333333333, 1
4, 1941, 2, 1, 0, 0, 0.988266666666667, 1
4, 1942, 2, 1, 0, 0, 1, 1
4, 1943, 2, 1, 0, 0, 0.998666666666667, 1
4, 1944, 2, 1, 0, 0, 0.999466666666667, 1
4, 1945, 2, 1, 0, 0, 1, 1
4, 1946, 2, 1, 0, 0, 0.998266666666667, 1
4, 1947, 2, 1, 0, 0, 0.9936, 1
4, 1948, 2, 1, 0, 0, 1, 1
4, 1949, 2, 0, 0, 1, 0.966, 1
4, 1950, 2, 1, 0, 0, 1, 1
4, 1951, 2, 1, 0, 0, 1, 1
4, 1952, 2, 1, 0, 0, 0.999866666666667, 1
4, 1953, 2, 1, 0, 0, 1, 1
4, 1954, 2, 1, 0, 0, 1, 1
4, 1955, 2, 1, 0, 0, 1, 1
4, 1956, 2, 1, 0, 0, 0.997866666666667, 1
4, 1957, 2, 1, 0, 0, 0.998933333333333, 1
4, 1958, 2, 1, 0, 0, 1, 1
4, 1959, 2, 1, 0, 0, 1, 1
4, 1960, 2, 1, 0, 0, 0.999733333333333, 1
4, 1961, 2, 1, 0, 0, 1, 1
4, 1962, 2, 1, 0, 0, 1, 1
4, 1963, 2, 1, 0, 0, 0.999866666666667, 1
4, 1964, 2, 1, 0, 0, 0.995066666666667, 1
4, 1965, 2, 1, 0, 0, 0.9996, 1
4, 1966, 2, 1, 0, 0, 1, 1
4, 1967, 2, 1, 0, 0, 1, 1
4, 1968, 2, 1, 0, 0, 0.9832, 1
4, 1969, 2, 1, 0, 0, 1, 1
4, 1970, 2, 1, 0, 0, 0.9988, 1
4, 1971, 2, 1, 0, 0, 0.997466666666667, 1
4, 1972, 2, 1, 0, 0, 1, 1
4, 1973, 2, 1, 0, 0, 1, 1
4, 1974, 2, 1, 0, 0, 0.998666666666667, 1
4, 1975, 2, 1, 0, 0, 0.999466666666667, 1
4, 1976, 2, 1, 0, 0, 1, 1
4, 1977, 2, 1, 0, 0, 1, 1
4, 1978, 2, 1, 0, 0, 0.999866666666667, 1
4, 1979, 2, 1, 0, 0, 0.999333333333333, 1
4, 1980, 2, 1, 0, 0, 0.993066666666667, 1
4, 1981, 2, 1, 0, 0, 1, 1
4, 1982, 2, 1, 0, 0, 0.994933333333333, 1
4, 1983, 2, 1, 0, 0, 0.999733333333333, 1
4, 1984, 2, 1, 0, 0, 1, 1
4, 1985, 2, 1, 0, 0, 1, 1
4, 1986, 2, 1, 0, 0, 0.998666666666667, 1
4, 1987, 2, 1, 0, 0, 1, 1
4, 1988, 2, 1, 0, 0, 0.989733333333333, 1
4, 1989, 2, 1, 0, 0, 0.987333333333333, 1
4, 1990, 2, 1, 0, 0, 1, 1
4, 1991, 2, 1, 0, 0, 0.998533333333333, 1
4, 1992, 2, 1, 0, 0, 1, 1
4, 1993, 2, 1, 0, 0, 1, 1
4, 1994, 2, 1, 0, 0, 0.999866666666667, 1
4, 1995, 2, 1, 0, 0, 0.994666666666667, 1
4, 1996, 2, 1, 0, 0, 1, 1
4, 1997, 2, 1, 0, 0, 1, 1
4, 1998, 2, 1, 0, 0, 1, 1
4, 1999, 2, 1, 0, 0, 0.996533333333333, 1
4, 2000, 2, 1, 0, 0, 1, 1
4, 2001, 2, 0, 0, 1, 0.391333333333333, 1
4, 2002, 2, 0, 0, 1, 0.855866666666667, 1
4, 2003, 2, 0, 0, 1, 0.418266666666667, 1
4, 2004, 2, 0, 0, 1, 0.259466666666667, 1
4, 2005, 2, 0, 0, 1, 0.9436, 1
4, 2006, 2, 0, 0, 1, 0.126666666666667, 1
4, 2007, 2, 0, 0, 1, 0.209066666666667, 1
4, 2008, 2, 0, 0, 1, 0.163866666666667, 1
4, 2009, 2, 0, 0, 1, 0.95, 1
4, 2010, 2, 0, 0, 1, 0.7168, 1
4, 2011, 2, 0, 0, 1, 0.2724, 1
4, 2012, 2, 0, 0, 1, 0.0501333333333333, 1
4, 2013, 2, 0, 0, 1, 0.174666666666667, 1
4, 2014, 2, 0, 0, 1, 0.2068, 1
4, 2015, 2, 0, 0, 1, 0.329733333333333, 1
4, 2016, 2, 0, 0, 1, 0.3428, 1
4, 2017, 2, 0, 0, 1, 0.2448, 1
4, 2018, 2, 0, 0, 1, 0.347066666666667, 1
4, 2019, 2, 0, 0, 1, 0.957333333333333, 1
4, 2020, 2, 0, 0, 1, 0.247466666666667, 1
4, 2021, 2, 0, 0, 1, 0.258266666666667, 1
4, 2022, 2, 0, 0, 1, 0.438, 1
4, 2023, 2, 0, 0, 1, 0.944666666666667, 1
4, 2024, 2, 0, 0, 1, 0.344533333333333, 1
4, 2025, 2, 0, 0, 1, 0.46, 1
4, 2026, 2, 1, 0, 0, 0.990266666666667, 1
4, 2027, 2, 0, 0, 1, 0.4076, 1
4, 2028, 2, 0, 0, 1, 0.419066666666667, 1
4, 2029, 2, 0, 0, 1, 0.788933333333333, 1
4, 2030, 2, 0, 0, 1, 0.0849333333333333, 1
4, 2031, 2, 0, 1, 0, 0.0261333333333333, 1
4, 2032, 2, 0, 0, 1, 0.68, 1
4, 2033, 2, 0, 0, 1, 0.1684, 1
4, 2034, 2, 0, 0, 1, 0.609466666666667, 1
4, 2035, 2, 0, 0, 1, 0.957866666666667, 1
4, 2036, 2, 0, 0, 1, 0.492933333333333, 1
4, 2037, 2, 0, 0, 1, 0.213466666666667, 1
4, 2038, 2, 0, 0, 1, 0.5584, 1
4, 2039, 2, 0, 0, 1, 0.594, 1
4, 2040, 2, 0, 0, 1, 0.4704, 1
4, 2041, 2, 0, 0, 1, 0.0529333333333333, 1
4, 2042, 2, 0, 0, 1, 0.525866666666667, 1
4, 2043, 2, 0, 0, 1, 0.255333333333333, 1
4, 2044, 2, 0, 0, 1, 0.8016, 1
4, 2045, 2, 0, 0, 1, 0.0824, 1
4, 2046, 2, 0, 0, 1, 0.8068, 1
4, 2047, 2, 0, 0, 1, 0.634, 1
4, 2048, 2, 0, 0, 1, 0.1092, 1
4, 2049, 2, 0, 0, 1, 0.4132, 1
4, 2050, 2, 0, 0, 1, 0.194266666666667, 1
4, 2051, 2, 0, 0, 1, 0.588533333333333, 1
4, 2052, 2, 0, 1, 0, 0.0358666666666667, 1
4, 2053, 2, 0, 0, 1, 0.7852, 1
4, 2054, 2, 0, 0, 1, 0.704133333333333, 1
4, 2055, 2, 0, 0, 1, 0.529066666666667, 1
4, 2056, 2, 0, 0, 1, 0.856933333333333, 1
4, 2057, 2, 0, 0, 1, 0.374533333333333, 1
4, 2058, 2, 0, 1, 0, 0.0173333333333333, 1
4, 2059, 2, 0, 0, 1, 0.0953333333333333, 1
4, 2060, 2, 0, 0, 1, 0.461466666666667, 1
4, 2061, 2, 0, 0, 1, 0.447733333333333, 1
4, 2062, 2, 0, 0, 1, 0.662933333333333, 1
4, 2063, 2, 0, 0, 1, 0.830666666666667, 1
4, 2064, 2, 0, 0, 1, 0.914933333333333, 1
4, 2065, 2, 0, 0, 1, 0.706933333333333, 1
4, 2066, 2, 0, 1, 0, 0.00186666666666667, 1
4, 2067, 2, 0, 0, 1, 0.0992, 1
4, 2068, 2, 0, 0, 1, 0.417466666666667, 1
4, 2069, 2, 0, 0, 1, 0.448, 1
4, 2070, 2, 0, 0, 1, 0.287066666666667, 1
4, 2071, 2, 0, 0, 1, 0.522133333333333, 1
4, 2072, 2, 0, 0, 1, 0.788933333333333, 1
4, 2073, 2, 0, 0, 1, 0.262133333333333, 1
4, 2074, 2, 0, 0, 1, 0.867866666666667, 1
4, 2075, 2, 0, 0, 1, 0.438533333333333, 1
4, 2076, 2, 0, 0, 1, 0.777066666666667, 1
4, 2077, 2, 0, 0, 1, 0.0729333333333333, 1
4, 2078, 2, 0, 0, 1, 0.935066666666667, 1
4, 2079, 2, 0, 0, 1, 0.242933333333333, 1
4, 2080, 2, 0, 1, 0, 0.0466666666666667, 1
4, 2081, 2, 0, 0, 1, 0.8356, 1
4, 2082, 2, 0, 0, 1, 0.717466666666667, 1
4, 2083, 2, 0, 0, 1, 0.259066666666667, 1
4, 2084, 2, 0, 0, 1, 0.185466666666667, 1
4, 2085, 2, 0, 0, 1, 0.28, 1
4, 2086, 2, 0, 0, 1, 0.6148, 1
4, 2087, 2, 0, 0, 1, 0.142133333333333, 1
4, 2088, 2, 0, 0, 1, 0.1644, 1
4, 2089, 2, 0, 0, 1, 0.119733333333333, 1
4, 2090, 2, 0, 0, 1, 0.111466666666667, 1
4, 2091, 2, 0, 0, 1, 0.225066666666667, 1
4, 2092, 2, 0, 0, 1, 0.384533333333333, 1
4, 2093, 2, 0, 0, 1, 0.565066666666667, 1
4, 2094, 2, 0, 0, 1, 0.7304, 1
4, 2095, 2, 0, 0, 1, 0.322, 1
4, 2096, 2, 0, 0, 1, 0.444266666666667, 1
4, 2097, 2, 0, 0, 1, 0.8076, 1
4, 2098, 2, 0, 0, 1, 0.125333333333333, 1
4, 2099, 2, 0, 0, 1, 0.1252, 1
4, 2100, 2, 0, 0, 1, 0.872, 1
4, 2101, 2, 0, 0, 1, 0.222133333333333, 1
4, 2102, 2, 0, 0, 1, 0.3308, 1
4, 2103, 2, 0, 0, 1, 0.2432, 1
4, 2104, 2, 0, 0, 1, 0.0665333333333333, 1
4, 2105, 2, 0, 0, 1, 0.586666666666667, 1
4, 2106, 2, 0, 0, 1, 0.0654666666666667, 1
4, 2107, 2, 0, 0, 1, 0.0505333333333333, 1
4, 2108, 2, 0, 0, 1, 0.778533333333333, 1
4, 2109, 2, 0, 0, 1, 0.2856, 1
4, 2110, 2, 0, 0, 1, 0.314533333333333, 1
4, 2111, 2, 0, 0, 1, 0.255866666666667, 1
4, 2112, 2, 0, 0, 1, 0.674666666666667, 1
4, 2113, 2, 0, 0, 1, 0.817333333333333, 1
4, 2114, 2, 0, 0, 1, 0.929066666666667, 1
4, 2115, 2, 0, 0, 1, 0.813733333333333, 1
4, 2116, 2, 0, 0, 1, 0.207066666666667, 1
4, 2117, 2, 0, 0, 1, 0.777066666666667, 1
4, 2118, 2, 0, 0, 1, 0.960266666666667, 1
4, 2119, 2, 0, 0, 1, 0.434133333333333, 1
4, 2120, 2, 0, 1, 0, 0.0117333333333333, 1
4, 2121, 2, 0, 0, 1, 0.738, 1
4, 2122, 2, 0, 0, 1, 0.787866666666667, 1
4, 2123, 2, 0, 0, 1, 0.607333333333333, 1
4, 2124, 2, 0, 0, 1, 0.377333333333333, 1
4, 2125, 2, 0, 0, 1, 0.546266666666667, 1
4, 2126, 2, 0, 1, 0, 0.0308, 1
4, 2127, 2, 0, 0, 1, 0.632933333333333, 1
4, 2128, 2, 0, 0, 1, 0.5692, 1
4, 2129, 2, 0, 0, 1, 0.6112, 1
4, 2130, 2, 0, 0, 1, 0.9084, 1
4, 2131, 2, 0, 0, 1, 0.950666666666667, 1
4, 2132, 2, 0, 0, 1, 0.5352, 1
4, 2133, 2, 0, 0, 1, 0.140266666666667, 1
4, 2134, 2, 0, 1, 0, 0.0202666666666667, 1
4, 2135, 2, 0, 0, 1, 0.190666666666667, 1
4, 2136, 2, 0, 0, 1, 0.586666666666667, 1
4, 2137, 2, 0, 0, 1, 0.189733333333333, 1
4, 2138, 2, 0, 0, 1, 0.198666666666667, 1
4, 2139, 2, 0, 0, 1, 0.206533333333333, 1
4, 2140, 2, 0, 0, 1, 0.665866666666667, 1
4, 2141, 2, 0, 0, 1, 0.3532, 1
4, 2142, 2, 0, 0, 1, 0.426533333333333, 1
4, 2143, 2, 0, 0, 1, 0.9344, 1
4, 2144, 2, 0, 0, 1, 0.8928, 1
4, 2145, 2, 0, 0, 1, 0.224533333333333, 1
4, 2146, 2, 0, 0, 1, 0.5028, 1
4, 2147, 2, 0, 0, 1, 0.599066666666667, 1
4, 2148, 2, 0, 0, 1, 0.8508, 1
4, 2149, 2, 0, 0, 1, 0.102666666666667, 1
4, 2150, 2, 0, 0, 1, 0.303733333333333, 1
4, 2151, 2, 0, 1, 0, 0, 1
4, 2152, 2, 0, 0, 1, 0.3904, 1
4, 2153, 2, 0, 0, 1, 0.483733333333333, 1
4, 2154, 2, 0, 0, 1, 0.301733333333333, 1
4, 2155, 2, 1, 0, 0, 0.987733333333333, 1
4, 2156, 2, 0, 0, 1, 0.477733333333333, 1
4, 2157, 2, 1, 0, 0, 0.979333333333333, 1
4, 2158, 2, 0, 0, 1, 0.952933333333333, 1
4, 2159, 2, 0, 1, 0, 0.016, 1
4, 2160, 2, 0, 0, 1, 0.102666666666667, 1
4, 2161, 2, 0, 1, 0, 0.0294666666666667, 1
4, 2162, 2, 0, 0, 1, 0.308533333333333, 1
4, 2163, 2, 0, 0, 1, 0.7576, 1
4, 2164, 2, 0, 0, 1, 0.625866666666667, 1
4, 2165, 2, 0, 0, 1, 0.605066666666667, 1
4, 2166, 2, 1, 0, 0, 0.999733333333333, 1
4, 2167, 2, 0, 0, 1, 0.8136, 1
4, 2168, 2, 0, 0, 1, 0.366533333333333, 1
4, 2169, 2, 0, 0, 1, 0.569733333333333, 1
4, 2170, 2, 0, 0, 1, 0.0924, 1
4, 2171, 2, 0, 0, 1, 0.246533333333333, 1
4, 2172, 2, 0, 0, 1, 0.729333333333333, 1
4, 2173, 2, 0, 0, 1, 0.401866666666667, 1
4, 2174, 2, 0, 0, 1, 0.421066666666667, 1
4, 2175, 2, 0, 0, 1, 0.657733333333333, 1
4, 2176, 2, 0, 0, 1, 0.8776, 1
4, 2177, 2, 0, 0, 1, 0.446133333333333, 1
4, 2178, 2, 0, 0, 1, 0.919333333333333, 1
4, 2179, 2, 0, 0, 1, 0.178666666666667, 1
4, 2180, 2, 0, 0, 1, 0.5896, 1
4, 2181, 2, 0, 0, 1, 0.602933333333333, 1
4, 2182, 2, 0, 0, 1, 0.855733333333333, 1
4, 2183, 2, 0, 0, 1, 0.8756, 1
4, 2184, 2, 0, 0, 1, 0.264933333333333, 1
4, 2185, 2, 0, 0, 1, 0.258666666666667, 1
4, 2186, 2, 0, 0, 1, 0.449466666666667, 1
4, 2187, 2, 0, 0, 1, 0.3484, 1
4, 2188, 2, 0, 0, 1, 0.564266666666667, 1
4, 2189, 2, 0, 0, 1, 0.864133333333333, 1
4, 2190, 2, 0, 0, 1, 0.1508, 1
4, 2191, 2, 0, 0, 1, 0.433066666666667, 1
4, 2192, 2, 0, 0, 1, 0.672266666666667, 1
4, 2193, 2, 0, 0, 1, 0.721466666666667, 1
4, 2194, 2, 0, 0, 1, 0.9476, 1
4, 2195, 2, 0, 0, 1, 0.460533333333333, 1
4, 2196, 2, 0, 0, 1, 0.192933333333333, 1
4, 2197, 2, 0, 0, 1, 0.5864, 1
4, 2198, 2, 0, 0, 1, 0.8904, 1
4, 2199, 2, 0, 0, 1, 0.9096, 1
4, 2200, 2, 0, 0, 1, 0.662, 1
4, 2201, 2, 0, 0, 1, 0.8768, 1
4, 2202, 2, 0, 0, 1, 0.895333333333333, 1
4, 2203, 2, 0, 0, 1, 0.0618666666666667, 1
4, 2204, 2, 0, 0, 1, 0.832666666666667, 1
4, 2205, 2, 0, 0, 1, 0.0737333333333333, 1
4, 2206, 2, 0, 0, 1, 0.222133333333333, 1
4, 2207, 2, 0, 0, 1, 0.1864, 1
4, 2208, 2, 0, 1, 0, 0.0261333333333333, 1
4, 2209, 2, 0, 0, 1, 0.7616, 1
4, 2210, 2, 0, 0, 1, 0.1192, 1
4, 2211, 2, 0, 0, 1, 0.2344, 1
4, 2212, 2, 0, 0, 1, 0.561866666666667, 1
4, 2213, 2, 0, 0, 1, 0.340933333333333, 1
4, 2214, 2, 0, 0, 1, 0.729733333333333, 1
4, 2215, 2, 0, 0, 1, 0.740266666666667, 1
4, 2216, 2, 0, 0, 1, 0.307066666666667, 1
4, 2217, 2, 0, 0, 1, 0.214533333333333, 1
4, 2218, 2, 0, 0, 1, 0.1856, 1
4, 2219, 2, 0, 0, 1, 0.201333333333333, 1
4, 2220, 2, 0, 0, 1, 0.183733333333333, 1
4, 2221, 2, 0, 0, 1, 0.3508, 1
4, 2222, 2, 0, 0, 1, 0.663733333333333, 1
4, 2223, 2, 0, 0, 1, 0.651733333333333, 1
4, 2224, 2, 1, 0, 0, 0.985866666666667, 1
4, 2225, 2, 0, 0, 1, 0.527733333333333, 1
4, 2226, 2, 0, 0, 1, 0.244133333333333, 1
4, 2227, 2, 0, 0, 1, 0.699333333333333, 1
4, 2228, 2, 0, 0, 1, 0.1564, 1
4, 2229, 2, 0, 1, 0, 0.0498666666666667, 1
4, 2230, 2, 0, 0, 1, 0.586266666666667, 1
4, 2231, 2, 0, 0, 1, 0.774666666666667, 1
4, 2232, 2, 0, 0, 1, 0.598933333333333, 1
4, 2233, 2, 0, 0, 1, 0.904533333333333, 1
4, 2234, 2, 0, 0, 1, 0.406533333333333, 1
4, 2235, 2, 0, 0, 1, 0.4532, 1
4, 2236, 2, 0, 1, 0, 0.00906666666666667, 1
4, 2237, 2, 0, 1, 0, 0.0338666666666667, 1
4, 2238, 2, 0, 1, 0, 0.0178666666666667, 1
4, 2239, 2, 0, 0, 1, 0.0841333333333333, 1
4, 2240, 2, 0, 0, 1, 0.219733333333333, 1
4, 2241, 2, 0, 0, 1, 0.7228, 1
4, 2242, 2, 0, 0, 1, 0.9372, 1
4, 2243, 2, 0, 0, 1, 0.672266666666667, 1
4, 2244, 2, 1, 0, 0, 0.9892, 1
4, 2245, 2, 0, 0, 1, 0.881866666666667, 1
4, 2246, 2, 1, 0, 0, 0.988133333333333, 1
4, 2247, 2, 0, 0, 1, 0.923333333333333, 1
4, 2248, 2, 0, 0, 1, 0.842533333333333, 1
4, 2249, 2, 0, 0, 1, 0.203066666666667, 1
4, 2250, 2, 0, 1, 0, 0.0194666666666667, 1
4, 2251, 2, 0, 0, 1, 0.2588, 1
4, 2252, 2, 0, 1, 0, 0.00426666666666667, 1
4, 2253, 2, 0, 0, 1, 0.2332, 1
4, 2254, 2, 0, 0, 1, 0.844133333333333, 1
4, 2255, 2, 0, 1, 0, 0.0012, 1
4, 2256, 2, 0, 0, 1, 0.670933333333333, 1
4, 2257, 2, 0, 0, 1, 0.635066666666667, 1
4, 2258, 2, 0, 0, 1, 0.0708, 1
4, 2259, 2, 0, 0, 1, 0.333333333333333, 1
4, 2260, 2, 0, 0, 1, 0.334933333333333, 1
4, 2261, 2, 0, 1, 0, 0.0405333333333333, 1
4, 2262, 2, 0, 0, 1, 0.179866666666667, 1
4, 2263, 2, 0, 0, 1, 0.455466666666667, 1
4, 2264, 2, 0, 0, 1, 0.112933333333333, 1
4, 2265, 2, 0, 0, 1, 0.894133333333333, 1
4, 2266, 2, 0, 0, 1, 0.393333333333333, 1
4, 2267, 2, 0, 0, 1, 0.197466666666667, 1
4, 2268, 2, 0, 0, 1, 0.135866666666667, 1
4, 2269, 2, 0, 0, 1, 0.948, 1
4, 2270, 2, 0, 0, 1, 0.68, 1
4, 2271, 2, 0, 0, 1, 0.198, 1
4, 2272, 2, 0, 0, 1, 0.7224, 1
4, 2273, 2, 0, 0, 1, 0.334666666666667, 1
4, 2274, 2, 0, 0, 1, 0.202266666666667, 1
4, 2275, 2, 0, 0, 1, 0.493733333333333, 1
4, 2276, 2, 0, 0, 1, 0.818933333333333, 1
4, 2277, 2, 0, 0, 1, 0.406, 1
4, 2278, 2, 0, 0, 1, 0.822933333333333, 1
4, 2279, 2, 0, 0, 1, 0.3424, 1
4, 2280, 2, 0, 0, 1, 0.0621333333333333, 1
4, 2281, 2, 0, 0, 1, 0.698666666666667, 1
4, 2282, 2, 0, 0, 1, 0.3928, 1
4, 2283, 2, 0, 0, 1, 0.589466666666667, 1
4, 2284, 2, 0, 0, 1, 0.248533333333333, 1
4, 2285, 2, 0, 0, 1, 0.0853333333333333, 1
4, 2286, 2, 0, 0, 1, 0.1312, 1
4, 2287, 2, 0, 0, 1, 0.454, 1
4, 2288, 2, 0, 0, 1, 0.952, 1
4, 2289, 2, 0, 0, 1, 0.207333333333333, 1
4, 2290, 2, 0, 0, 1, 0.736933333333333, 1
4, 2291, 2, 0, 0, 1, 0.1276, 1
4, 2292, 2, 0, 0, 1, 0.557066666666667, 1
4, 2293, 2, 0, 0, 1, 0.915466666666667, 1
4, 2294, 2, 0, 0, 1, 0.237466666666667, 1
4, 2295, 2, 0, 0, 1, 0.277333333333333, 1
4, 2296, 2, 0, 1, 0, 0.0242666666666667, 1
4, 2297, 2, 0, 0, 1, 0.1688, 1
4, 2298, 2, 0, 0, 1, 0.481066666666667, 1
4, 2299, 2, 0, 0, 1, 0.426133333333333, 1
4, 2300, 2, 0, 0, 1, 0.742533333333333, 1
4, 2301, 2, 0, 0, 1, 0.472133333333333, 1
4, 2302, 2, 0, 0, 1, 0.841333333333333, 1
4, 2303, 2, 0, 0, 1, 0.8, 1
4, 2304, 2, 0, 0, 1, 0.0713333333333333, 1
4, 2305, 2, 0, 0, 1, 0.8296, 1
4, 2306, 2, 0, 0, 1, 0.854933333333333, 1
4, 2307, 2, 0, 0, 1, 0.0533333333333333, 1
4, 2308, 2, 0, 0, 1, 0.570133333333333, 1
4, 2309, 2, 0, 0, 1, 0.624133333333333, 1
4, 2310, 2, 0, 0, 1, 0.491066666666667, 1
4, 2311, 2, 0, 0, 1, 0.0682666666666667, 1
4, 2312, 2, 0, 0, 1, 0.930933333333333, 1
4, 2313, 2, 0, 0, 1, 0.5596, 1
4, 2314, 2, 0, 0, 1, 0.164533333333333, 1
4, 2315, 2, 0, 0, 1, 0.246933333333333, 1
4, 2316, 2, 0, 0, 1, 0.470933333333333, 1
4, 2317, 2, 0, 0, 1, 0.2972, 1
4, 2318, 2, 0, 0, 1, 0.9216, 1
4, 2319, 2, 0, 1, 0, 0.0397333333333333, 1
4, 2320, 2, 0, 0, 1, 0.4816, 1
4, 2321, 2, 0, 0, 1, 0.644266666666667, 1
4, 2322, 2, 0, 0, 1, 0.544666666666667, 1
4, 2323, 2, 0, 0, 1, 0.108933333333333, 1
4, 2324, 2, 0, 0, 1, 0.797733333333333, 1
4, 2325, 2, 0, 0, 1, 0.4932, 1
4, 2326, 2, 0, 0, 1, 0.590133333333333, 1
4, 2327, 2, 0, 0, 1, 0.640533333333333, 1
4, 2328, 2, 0, 0, 1, 0.8768, 1
4, 2329, 2, 0, 0, 1, 0.0604, 1
4, 2330, 2, 0, 0, 1, 0.9324, 1
4, 2331, 2, 0, 1, 0, 0.0036, 1
4, 2332, 2, 0, 0, 1, 0.292, 1
4, 2333, 2, 0, 0, 1, 0.145066666666667, 1
4, 2334, 2, 0, 0, 1, 0.941733333333333, 1
4, 2335, 2, 0, 0, 1, 0.907866666666667, 1
4, 2336, 2, 0, 0, 1, 0.233466666666667, 1
4, 2337, 2, 0, 0, 1, 0.574266666666667, 1
4, 2338, 2, 0, 0, 1, 0.714266666666667, 1
4, 2339, 2, 0, 0, 1, 0.1048, 1
4, 2340, 2, 0, 0, 1, 0.361333333333333, 1
4, 2341, 2, 0, 0, 1, 0.937066666666667, 1
4, 2342, 2, 0, 0, 1, 0.4736, 1
4, 2343, 2, 0, 0, 1, 0.8616, 1
4, 2344, 2, 0, 0, 1, 0.453866666666667, 1
4, 2345, 2, 0, 0, 1, 0.213466666666667, 1
4, 2346, 2, 0, 0, 1, 0.281866666666667, 1
4, 2347, 2, 0, 1, 0, 0.00493333333333333, 1
4, 2348, 2, 0, 0, 1, 0.618, 1
4, 2349, 2, 0, 0, 1, 0.9624, 1
4, 2350, 2, 0, 0, 1, 0.380133333333333, 1
4, 2351, 2, 0, 0, 1, 0.130666666666667, 1
4, 2352, 2, 0, 0, 1, 0.214, 1
4, 2353, 2, 0, 0, 1, 0.9068, 1
4, 2354, 2, 0, 0, 1, 0.167733333333333, 1
4, 2355, 2, 0, 0, 1, 0.838666666666667, 1
4, 2356, 2, 0, 0, 1, 0.231733333333333, 1
4, 2357, 2, 0, 0, 1, 0.604266666666667, 1
4, 2358, 2, 0, 0, 1, 0.2188, 1
4, 2359, 2, 0, 0, 1, 0.124133333333333, 1
4, 2360, 2, 0, 1, 0, 0.0312, 1
4, 2361, 2, 0, 0, 1, 0.638533333333333, 1
4, 2362, 2, 0, 0, 1, 0.7796, 1
4, 2363, 2, 0, 0, 1, 0.337066666666667, 1
4, 2364, 2, 0, 0, 1, 0.8796, 1
4, 2365, 2, 0, 0, 1, 0.8532, 1
4, 2366, 2, 0, 0, 1, 0.300666666666667, 1
4, 2367, 2, 0, 0, 1, 0.168266666666667, 1
4, 2368, 2, 0, 0, 1, 0.211733333333333, 1
4, 2369, 2, 0, 0, 1, 0.536666666666667, 1
4, 2370, 2, 0, 1, 0, 0.0224, 1
4, 2371, 2, 0, 0, 1, 0.518533333333333, 1
4, 2372, 2, 0, 0, 1, 0.897066666666667, 1
4, 2373, 2, 0, 0, 1, 0.622533333333333, 1
4, 2374, 2, 0, 0, 1, 0.256133333333333, 1
4, 2375, 2, 0, 0, 1, 0.250533333333333, 1
4, 2376, 2, 0, 0, 1, 0.389466666666667, 1
4, 2377, 2, 0, 0, 1, 0.2496, 1
4, 2378, 2, 0, 0, 1, 0.0730666666666667, 1
4, 2379, 2, 0, 0, 1, 0.3204, 1
4, 2380, 2, 0, 0, 1, 0.5856, 1
4, 2381, 2, 0, 0, 1, 0.862933333333333, 1
4, 2382, 2, 0, 0, 1, 0.195066666666667, 1
4, 2383, 2, 0, 0, 1, 0.440266666666667, 1
4, 2384, 2, 0, 0, 1, 0.915733333333333, 1
4, 2385, 2, 0, 1, 0, 0.0028, 1
4, 2386, 2, 0, 0, 1, 0.7444, 1
4, 2387, 2, 0, 0, 1, 0.595733333333333, 1
4, 2388, 2, 0, 0, 1, 0.963466666666667, 1
4, 2389, 2, 0, 0, 1, 0.742266666666667, 1
4, 2390, 2, 0, 0, 1, 0.6328, 1
4, 2391, 2, 0, 0, 1, 0.119466666666667, 1
4, 2392, 2, 0, 0, 1, 0.627733333333333, 1
4, 2393, 2, 0, 0, 1, 0.139333333333333, 1
4, 2394, 2, 0, 0, 1, 0.1036, 1
4, 2395, 2, 0, 0, 1, 0.0806666666666667, 1
4, 2396, 2, 0, 0, 1, 0.703466666666667, 1
4, 2397, 2, 0, 0, 1, 0.910133333333333, 1
4, 2398, 2, 0, 0, 1, 0.79, 1
4, 2399, 2, 1, 0, 0, 0.9812, 1
4, 2400, 2, 0, 0, 1, 0.810533333333333, 1
4, 2401, 2, 0, 0, 1, 0.357466666666667, 1
4, 2402, 2, 0, 0, 1, 0.0669333333333333, 1
4, 2403, 2, 0, 0, 1, 0.176533333333333, 1
4, 2404, 2, 0, 0, 1, 0.715866666666667, 1
4, 2405, 2, 0, 0, 1, 0.397066666666667, 1
4, 2406, 2, 0, 0, 1, 0.2412, 1
4, 2407, 2, 0, 1, 0, 0.0304, 1
4, 2408, 2, 0, 0, 1, 0.658, 1
4, 2409, 2, 0, 1, 0, 0.0214666666666667, 1
4, 2410, 2, 0, 0, 1, 0.0685333333333333, 1
4, 2411, 2, 0, 0, 1, 0.322266666666667, 1
4, 2412, 2, 0, 0, 1, 0.5048, 1
4, 2413, 2, 0, 0, 1, 0.7276, 1
4, 2414, 2, 1, 0, 0, 0.986266666666667, 1
4, 2415, 2, 0, 0, 1, 0.829333333333333, 1
4, 2416, 2, 0, 0, 1, 0.268933333333333, 1
4, 2417, 2, 0, 0, 1, 0.3508, 1
4, 2418, 2, 0, 0, 1, 0.3364, 1
4, 2419, 2, 0, 0, 1, 0.0728, 1
4, 2420, 2, 0, 0, 1, 0.765733333333333, 1
4, 2421, 2, 0, 0, 1, 0.928666666666667, 1
4, 2422, 2, 0, 1, 0, 0.0168, 1
4, 2423, 2, 0, 0, 1, 0.5648, 1
4, 2424, 2, 0, 0, 1, 0.833733333333333, 1
4, 2425, 2, 0, 0, 1, 0.161333333333333, 1
4, 2426, 2, 0, 0, 1, 0.2728, 1
4, 2427, 2, 0, 0, 1, 0.520933333333333, 1
4, 2428, 2, 0, 0, 1, 0.654, 1
4, 2429, 2, 0, 0, 1, 0.496666666666667, 1
4, 2430, 2, 0, 0, 1, 0.624533333333333, 1
4, 2431, 2, 0, 0, 1, 0.0877333333333333, 1
4, 2432, 2, 0, 0, 1, 0.0541333333333333, 1
4, 2433, 2, 1, 0, 0, 0.991066666666667, 1
4, 2434, 2, 0, 0, 1, 0.590533333333333, 1
4, 2435, 2, 0, 0, 1, 0.615866666666667, 1
4, 2436, 2, 0, 0, 1, 0.544, 1
4, 2437, 2, 0, 0, 1, 0.7068, 1
4, 2438, 2, 0, 0, 1, 0.504133333333333, 1
4, 2439, 2, 0, 0, 1, 0.176133333333333, 1
4, 2440, 2, 0, 0, 1, 0.1208, 1
4, 2441, 2, 0, 0, 1, 0.1516, 1
4, 2442, 2, 0, 0, 1, 0.0521333333333333, 1
4, 2443, 2, 0, 0, 1, 0.706133333333333, 1
4, 2444, 2, 0, 0, 1, 0.853733333333333, 1
4, 2445, 2, 0, 0, 1, 0.7732, 1
4, 2446, 2, 0, 0, 1, 0.809466666666667, 1
4, 2447, 2, 0, 0, 1, 0.352, 1
4, 2448, 2, 0, 0, 1, 0.305866666666667, 1
4, 2449, 2, 0, 0, 1, 0.611333333333333, 1
4, 2450, 2, 0, 0, 1, 0.4548, 1
4, 2451, 2, 0, 0, 1, 0.503733333333333, 1
4, 2452, 2, 0, 0, 1, 0.927066666666667, 1
4, 2453, 2, 0, 0, 1, 0.581066666666667, 1
4, 2454, 2, 0, 0, 1, 0.605733333333333, 1
4, 2455, 2, 0, 0, 1, 0.166, 1
4, 2456, 2, 1, 0, 0, 0.9968, 1
4, 2457, 2, 0, 0, 1, 0.0902666666666667, 1
4, 2458, 2, 1, 0, 0, 0.997866666666667, 1
4, 2459, 2, 0, 0, 1, 0.909733333333333, 1
4, 2460, 2, 0, 0, 1, 0.6932, 1
4, 2461, 2, 0, 0, 1, 0.0917333333333333, 1
4, 2462, 2, 0, 1, 0, 0.0324, 1
4, 2463, 2, 0, 0, 1, 0.199466666666667, 1
4, 2464, 2, 0, 0, 1, 0.295466666666667, 1
4, 2465, 2, 0, 0, 1, 0.118666666666667, 1
4, 2466, 2, 0, 0, 1, 0.584933333333333, 1
4, 2467, 2, 0, 0, 1, 0.1764, 1
4, 2468, 2, 0, 0, 1, 0.403733333333333, 1
4, 2469, 2, 0, 0, 1, 0.946533333333333, 1
4, 2470, 2, 0, 0, 1, 0.651066666666667, 1
4, 2471, 2, 0, 0, 1, 0.1124, 1
4, 2472, 2, 0, 0, 1, 0.0953333333333333, 1
4, 2473, 2, 0, 0, 1, 0.6612, 1
4, 2474, 2, 0, 0, 1, 0.0593333333333333, 1
4, 2475, 2, 0, 1, 0, 0.0494666666666667, 1
4, 2476, 2, 0, 0, 1, 0.5596, 1
4, 2477, 2, 0, 0, 1, 0.0893333333333333, 1
4, 2478, 2, 0, 1, 0, 0.032, 1
4, 2479, 2, 0, 0, 1, 0.272933333333333, 1
4, 2480, 2, 0, 0, 1, 0.286133333333333, 1
4, 2481, 2, 0, 0, 1, 0.0837333333333333, 1
4, 2482, 2, 0, 0, 1, 0.4208, 1
4, 2483, 2, 0, 0, 1, 0.497466666666667, 1
4, 2484, 2, 0, 0, 1, 0.913733333333333, 1
4, 2485, 2, 0, 0, 1, 0.642666666666667, 1
4, 2486, 2, 0, 0, 1, 0.545333333333333, 1
4, 2487, 2, 0, 0, 1, 0.724, 1
4, 2488, 2, 0, 0, 1, 0.0517333333333333, 1
4, 2489, 2, 0, 0, 1, 0.0672, 1
4, 2490, 2, 0, 0, 1, 0.5628, 1
4, 2491, 2, 0, 0, 1, 0.744, 1
4, 2492, 2, 0, 0, 1, 0.893333333333333, 1
4, 2493, 2, 0, 0, 1, 0.869333333333333, 1
4, 2494, 2, 0, 0, 1, 0.7008, 1
4, 2495, 2, 0, 0, 1, 0.910666666666667, 1
4, 2496, 2, 0, 0, 1, 0.6632, 1
4, 2497, 2, 0, 0, 1, 0.352266666666667, 1
4, 2498, 2, 0, 0, 1, 0.9344, 1
4, 2499, 2, 0, 0, 1, 0.792, 1
4, 2500, 2, 0, 0, 1, 0.304, 1
4, 2501, 2, 1, 0, 0, 1, 1
4, 2502, 2, 1, 0, 0, 1, 1
4, 2503, 2, 1, 0, 0, 0.9992, 1
4, 2504, 2, 1, 0, 0, 1, 1
4, 2505, 2, 1, 0, 0, 1, 1
4, 2506, 2, 1, 0, 0, 0.999733333333333, 1
4, 2507, 2, 1, 0, 0, 0.999866666666667, 1
4, 2508, 2, 1, 0, 0, 1, 1
4, 2509, 2, 1, 0, 0, 0.997733333333333, 1
4, 2510, 2, 1, 0, 0, 0.999866666666667, 1
4, 2511, 2, 1, 0, 0, 0.999733333333333, 1
4, 2512, 2, 1, 0, 0, 1, 1
4, 2513, 2, 0, 0, 1, 0.970266666666667, 1
4, 2514, 2, 1, 0, 0, 1, 1
4, 2515, 2, 1, 0, 0, 1, 1
4, 2516, 2, 1, 0, 0, 1, 1
4, 2517, 2, 1, 0, 0, 1, 1
4, 2518, 2, 1, 0, 0, 0.997733333333333, 1
4, 2519, 2, 1, 0, 0, 0.9992, 1
4, 2520, 2, 1, 0, 0, 1, 1
4, 2521, 2, 1, 0, 0, 1, 1
4, 2522, 2, 1, 0, 0, 0.999733333333333, 1
4, 2523, 2, 1, 0, 0, 0.999733333333333, 1
4, 2524, 2, 1, 0, 0, 1, 1
4, 2525, 2, 1, 0, 0, 1, 1
4, 2526, 2, 1, 0, 0, 1, 1
4, 2527, 2, 1, 0, 0, 1, 1
4, 2528, 2, 1, 0, 0, 1, 1
4, 2529, 2, 1, 0, 0, 1, 1
4, 2530, 2, 1, 0, 0, 0.998666666666667, 1
4, 2531, 2, 1, 0, 0, 0.998666666666667, 1
4, 2532, 2, 1, 0, 0, 1, 1
4, 2533, 2, 1, 0, 0, 1, 1
4, 2534, 2, 1, 0, 0, 1, 1
4, 2535, 2, 1, 0, 0, 1, 1
4, 2536, 2, 1, 0, 0, 1, 1
4, 2537, 2, 1, 0, 0, 1, 1
4, 2538, 2, 1, 0, 0, 1, 1
4, 2539, 2, 1, 0, 0, 0.999733333333333, 1
4, 2540, 2, 1, 0, 0, 1, 1
4, 2541, 2, 1, 0, 0, 1, 1
4, 2542, 2, 1, 0, 0, 1, 1
4, 2543, 2, 1, 0, 0, 1, 1
4, 2544, 2, 1, 0, 0, 1, 1
4, 2545, 2, 1, 0, 0, 1, 1
4, 2546, 2, 1, 0, 0, 1, 1
4, 2547, 2, 1, 0, 0, 0.9992, 1
4, 2548, 2, 1, 0, 0, 1, 1
4, 2549, 2, 1, 0, 0, 1, 1
4, 2550, 2, 1, 0, 0, 0.999866666666667, 1
4, 2551, 2, 1, 0, 0, 1, 1
4, 2552, 2, 1, 0, 0, 0.993066666666667, 1
4, 2553, 2, 0, 0, 1, 0.951733333333333, 1
4, 2554, 2, 1, 0, 0, 0.999866666666667, 1
4, 2555, 2, 1, 0, 0, 0.998266666666667, 1
4, 2556, 2, 1, 0, 0, 1, 1
4, 2557, 2, 0, 0, 1, 0.936266666666667, 1
4, 2558, 2, 1, 0, 0, 0.999866666666667, 1
4, 2559, 2, 1, 0, 0, 0.9964, 1
4, 2560, 2, 1, 0, 0, 0.999866666666667, 1
4, 2561, 2, 1, 0, 0, 0.999466666666667, 1
4, 2562, 2, 1, 0, 0, 0.999066666666667, 1
4, 2563, 2, 1, 0, 0, 1, 1
4, 2564, 2, 1, 0, 0, 1, 1
4, 2565, 2, 1, 0, 0, 0.976, 1
4, 2566, 2, 1, 0, 0, 0.999066666666667, 1
4, 2567, 2, 1, 0, 0, 1, 1
4, 2568, 2, 1, 0, 0, 0.999866666666667, 1
4, 2569, 2, 1, 0, 0, 1, 1
4, 2570, 2, 1, 0, 0, 1, 1
4, 2571, 2, 1, 0, 0, 1, 1
4, 2572, 2, 1, 0, 0, 1, 1
4, 2573, 2, 1, 0, 0, 1, 1
4, 2574, 2, 1, 0, 0, 0.999733333333333, 1
4, 2575, 2, 1, 0, 0, 1, 1
4, 2576, 2, 1, 0, 0, 1, 1
4, 2577, 2, 1, 0, 0, 0.996533333333333, 1
4, 2578, 2, 1, 0, 0, 1, 1
4, 2579, 2, 1, 0, 0, 0.999866666666667, 1
4, 2580, 2, 1, 0, 0, 1, 1
4, 2581, 2, 1, 0, 0, 1, 1
4, 2582, 2, 1, 0, 0, 1, 1
4, 2583, 2, 1, 0, 0, 0.9948, 1
4, 2584, 2, 1, 0, 0, 0.999466666666667, 1
4, 2585, 2, 1, 0, 0, 0.9788, 1
4, 2586, 2, 1, 0, 0, 1, 1
4, 2587, 2, 1, 0, 0, 0.999866666666667, 1
4, 2588, 2, 1, 0, 0, 1, 1
4, 2589, 2, 1, 0, 0, 0.999866666666667, 1
4, 2590, 2, 1, 0, 0, 0.992666666666667, 1
4, 2591, 2, 1, 0, 0, 0.992, 1
4, 2592, 2, 1, 0, 0, 0.999866666666667, 1
4, 2593, 2, 1, 0, 0, 1, 1
4, 2594, 2, 1, 0, 0, 0.999866666666667, 1
4, 2595, 2, 1, 0, 0, 1, 1
4, 2596, 2, 1, 0, 0, 1, 1
4, 2597, 2, 1, 0, 0, 0.999866666666667, 1
4, 2598, 2, 1, 0, 0, 0.999866666666667, 1
4, 2599, 2, 1, 0, 0, 1, 1
4, 2600, 2, 1, 0, 0, 1, 1
4, 2601, 2, 1, 0, 0, 1, 1
4, 2602, 2, 1, 0, 0, 1, 1
4, 2603, 2, 1, 0, 0, 1, 1
4, 2604, 2, 1, 0, 0, 0.999866666666667, 1
4, 2605, 2, 1, 0, 0, 1, 1
4, 2606, 2, 1, 0, 0, 0.999866666666667, 1
4, 2607, 2, 1, 0, 0, 1, 1
4, 2608, 2, 1, 0, 0, 0.998666666666667, 1
4, 2609, 2, 1, 0, 0, 1, 1
4, 2610, 2, 1, 0, 0, 1, 1
4, 2611, 2, 1, 0, 0, 1, 1
4, 2612, 2, 1, 0, 0, 1, 1
4, 2613, 2, 1, 0, 0, 1, 1
4, 2614, 2, 1, 0, 0, 0.999866666666667, 1
4, 2615, 2, 1, 0, 0, 1, 1
4, 2616, 2, 1, 0, 0, 1, 1
4, 2617, 2, 1, 0, 0, 1, 1
4, 2618, 2, 1, 0, 0, 1, 1
4, 2619, 2, 1, 0, 0, 1, 1
4, 2620, 2, 1, 0, 0, 0.999733333333333, 1
4, 2621, 2, 1, 0, 0, 1, 1
4, 2622, 2, 1, 0, 0, 1, 1
4, 2623, 2, 1, 0, 0, 1, 1
4, 2624, 2, 1, 0, 0, 0.999333333333333, 1
4, 2625, 2, 1, 0, 0, 1, 1
4, 2626, 2, 1, 0, 0, 1, 1
4, 2627, 2, 1, 0, 0, 1, 1
4, 2628, 2, 1, 0, 0, 0.999333333333333, 1
4, 2629, 2, 1, 0, 0, 0.9972, 1
4, 2630, 2, 1, 0, 0, 1, 1
4, 2631, 2, 1, 0, 0, 0.9988, 1
4, 2632, 2, 1, 0, 0, 0.976266666666667, 1
4, 2633, 2, 1, 0, 0, 0.999466666666667, 1
4, 2634, 2, 1, 0, 0, 0.999866666666667, 1
4, 2635, 2, 1, 0, 0, 1, 1
4, 2636, 2, 1, 0, 0, 0.998266666666667, 1
4, 2637, 2, 1, 0, 0, 0.998266666666667, 1
4, 2638, 2, 1, 0, 0, 1, 1
4, 2639, 2, 1, 0, 0, 1, 1
4, 2640, 2, 1, 0, 0, 0.995866666666667, 1
4, 2641, 2, 1, 0, 0, 1, 1
4, 2642, 2, 1, 0, 0, 1, 1
4, 2643, 2, 1, 0, 0, 0.9844, 1
4, 2644, 2, 1, 0, 0, 0.999866666666667, 1
4, 2645, 2, 1, 0, 0, 1, 1
4, 2646, 2, 1, 0, 0, 1, 1
4, 2647, 2, 1, 0, 0, 1, 1
4, 2648, 2, 1, 0, 0, 1, 1
4, 2649, 2, 1, 0, 0, 0.999866666666667, 1
4, 2650, 2, 1, 0, 0, 1, 1
4, 2651, 2, 1, 0, 0, 0.998133333333333, 1
4, 2652, 2, 1, 0, 0, 1, 1
4, 2653, 2, 1, 0, 0, 1, 1
4, 2654, 2, 1, 0, 0, 0.993333333333333, 1
4, 2655, 2, 1, 0, 0, 1, 1
4, 2656, 2, 1, 0, 0, 1, 1
4, 2657, 2, 1, 0, 0, 1, 1
4, 2658, 2, 1, 0, 0, 1, 1
4, 2659, 2, 1, 0, 0, 1, 1
4, 2660, 2, 1, 0, 0, 1, 1
4, 2661, 2, 1, 0, 0, 1, 1
4, 2662, 2, 1, 0, 0, 0.996666666666667, 1
4, 2663, 2, 1, 0, 0, 0.999866666666667, 1
4, 2664, 2, 1, 0, 0, 1, 1
4, 2665, 2, 1, 0, 0, 1, 1
4, 2666, 2, 1, 0, 0, 1, 1
4, 2667, 2, 1, 0, 0, 1, 1
4, 2668, 2, 1, 0, 0, 1, 1
4, 2669, 2, 1, 0, 0, 1, 1
4, 2670, 2, 1, 0, 0, 1, 1
4, 2671, 2, 1, 0, 0, 1, 1
4, 2672, 2, 1, 0, 0, 0.9996, 1
4, 2673, 2, 1, 0, 0, 0.9988, 1
4, 2674, 2, 1, 0, 0, 1, 1
4, 2675, 2, 1, 0, 0, 0.999733333333333, 1
4, 2676, 2, 1, 0, 0, 1, 1
4, 2677, 2, 1, 0, 0, 0.999866666666667, 1
4, 2678, 2, 1, 0, 0, 0.999866666666667, 1
4, 2679, 2, 1, 0, 0, 1, 1
4, 2680, 2, 1, 0, 0, 1, 1
4, 2681, 2, 1, 0, 0, 1, 1
4, 2682, 2, 1, 0, 0, 0.994666666666667, 1
4, 2683, 2, 1, 0, 0, 1, 1
4, 2684, 2, 1, 0, 0, 0.992, 1
4, 2685, 2, 1, 0, 0, 1, 1
4, 2686, 2, 1, 0, 0, 1, 1
4, 2687, 2, 1, 0, 0, 1, 1
4, 2688, 2, 1, 0, 0, 1, 1
4, 2689, 2, 1, 0, 0, 1, 1
4, 2690, 2, 1, 0, 0, 1, 1
4, 2691, 2, 1, 0, 0, 1, 1
4, 2692, 2, 1, 0, 0, 1, 1
4, 2693, 2, 1, 0, 0, 0.999866666666667, 1
4, 2694, 2, 1, 0, 0, 1, 1
4, 2695, 2, 1, 0, 0, 1, 1
4, 2696, 2, 1, 0, 0, 0.994266666666667, 1
4, 2697, 2, 1, 0, 0, 1, 1
4, 2698, 2, 1, 0, 0, 0.998666666666667, 1
4, 2699, 2, 1, 0, 0, 1, 1
4, 2700, 2, 1, 0, 0, 0.989733333333333, 1
4, 2701, 2, 1, 0, 0, 0.9996, 1
4, 2702, 2, 1, 0, 0, 0.999066666666667, 1
4, 2703, 2, 1, 0, 0, 1, 1
4, 2704, 2, 1, 0, 0, 1, 1
4, 2705, 2, 1, 0, 0, 1, 1
4, 2706, 2, 1, 0, 0, 0.992933333333333, 1
4, 2707, 2, 1, 0, 0, 1, 1
4, 2708, 2, 1, 0, 0, 1, 1
4, 2709, 2, 1, 0, 0, 0.999733333333333, 1
4, 2710, 2, 1, 0, 0, 1, 1
4, 2711, 2, 1, 0, 0, 0.999866666666667, 1
4, 2712, 2, 1, 0, 0, 1, 1
4, 2713, 2, 1, 0, 0, 1, 1
4, 2714, 2, 1, 0, 0, 0.999466666666667, 1
4, 2715, 2, 1, 0, 0, 1, 1
4, 2716, 2, 1, 0, 0, 1, 1
4, 2717, 2, 0, 0, 1, 0.9256, 1
4, 2718, 2, 1, 0, 0, 1, 1
4, 2719, 2, 1, 0, 0, 0.999866666666667, 1
4, 2720, 2, 1, 0, 0, 0.999333333333333, 1
4, 2721, 2, 1, 0, 0, 0.999333333333333, 1
4, 2722, 2, 1, 0, 0, 1, 1
4, 2723, 2, 1, 0, 0, 1, 1
4, 2724, 2, 1, 0, 0, 1, 1
4, 2725, 2, 1, 0, 0, 1, 1
4, 2726, 2, 1, 0, 0, 0.998533333333333, 1
4, 2727, 2, 1, 0, 0, 0.9948, 1
4, 2728, 2, 1, 0, 0, 0.9984, 1
4, 2729, 2, 1, 0, 0, 1, 1
4, 2730, 2, 1, 0, 0, 1, 1
4, 2731, 2, 1, 0, 0, 0.9992, 1
4, 2732, 2, 1, 0, 0, 0.997733333333333, 1
4, 2733, 2, 1, 0, 0, 1, 1
4, 2734, 2, 1, 0, 0, 0.998133333333333, 1
4, 2735, 2, 1, 0, 0, 1, 1
4, 2736, 2, 1, 0, 0, 1, 1
4, 2737, 2, 1, 0, 0, 1, 1
4, 2738, 2, 1, 0, 0, 1, 1
4, 2739, 2, 1, 0, 0, 0.999866666666667, 1
4, 2740, 2, 1, 0, 0, 1, 1
4, 2741, 2, 1, 0, 0, 1, 1
4, 2742, 2, 1, 0, 0, 0.999733333333333, 1
4, 2743, 2, 1, 0, 0, 1, 1
4, 2744, 2, 1, 0, 0, 1, 1
4, 2745, 2, 1, 0, 0, 0.999733333333333, 1
4, 2746, 2, 1, 0, 0, 0.999866666666667, 1
4, 2747, 2, 1, 0, 0, 0.999866666666667, 1
4, 2748, 2, 1, 0, 0, 1, 1
4, 2749, 2, 1, 0, 0, 1, 1
4, 2750, 2, 1, 0, 0, 1, 1
4, 2751, 2, 1, 0, 0, 1, 1
4, 2752, 2, 1, 0, 0, 1, 1
4, 2753, 2, 1, 0, 0, 1, 1
4, 2754, 2, 1, 0, 0, 1, 1
4, 2755, 2, 1, 0, 0, 0.996533333333333, 1
4, 2756, 2, 1, 0, 0, 0.999733333333333, 1
4, 2757, 2, 1, 0, 0, 1, 1
4, 2758, 2, 1, 0, 0, 1, 1
4, 2759, 2, 1, 0, 0, 1, 1
4, 2760, 2, 1, 0, 0, 1, 1
4, 2761, 2, 1, 0, 0, 1, 1
4, 2762, 2, 1, 0, 0, 0.999733333333333, 1
4, 2763, 2, 1, 0, 0, 1, 1
4, 2764, 2, 1, 0, 0, 1, 1
4, 2765, 2, 1, 0, 0, 0.994933333333333, 1
4, 2766, 2, 1, 0, 0, 0.999733333333333, 1
4, 2767, 2, 1, 0, 0, 1, 1
4, 2768, 2, 1, 0, 0, 1, 1
4, 2769, 2, 1, 0, 0, 1, 1
4, 2770, 2, 1, 0, 0, 0.989733333333333, 1
4, 2771, 2, 1, 0, 0, 0.999466666666667, 1
4, 2772, 2, 1, 0, 0, 1, 1
4, 2773, 2, 1, 0, 0, 1, 1
4, 2774, 2, 1, 0, 0, 1, 1
4, 2775, 2, 1, 0, 0, 1, 1
4, 2776, 2, 1, 0, 0, 1, 1
4, 2777, 2, 1, 0, 0, 0.999866666666667, 1
4, 2778, 2, 1, 0, 0, 1, 1
4, 2779, 2, 1, 0, 0, 1, 1
4, 2780, 2, 1, 0, 0, 0.999066666666667, 1
4, 2781, 2, 1, 0, 0, 1, 1
4, 2782, 2, 1, 0, 0, 0.999866666666667, 1
4, 2783, 2, 1, 0, 0, 0.999733333333333, 1
4, 2784, 2, 1, 0, 0, 0.999066666666667, 1
4, 2785, 2, 1, 0, 0, 0.996, 1
4, 2786, 2, 1, 0, 0, 1, 1
4, 2787, 2, 1, 0, 0, 1, 1
4, 2788, 2, 1, 0, 0, 0.9992, 1
4, 2789, 2, 1, 0, 0, 1, 1
4, 2790, 2, 1, 0, 0, 1, 1
4, 2791, 2, 1, 0, 0, 0.999866666666667, 1
4, 2792, 2, 1, 0, 0, 1, 1
4, 2793, 2, 1, 0, 0, 1, 1
4, 2794, 2, 1, 0, 0, 1, 1
4, 2795, 2, 1, 0, 0, 0.995866666666667, 1
4, 2796, 2, 1, 0, 0, 1, 1
4, 2797, 2, 1, 0, 0, 1, 1
4, 2798, 2, 1, 0, 0, 0.999733333333333, 1
4, 2799, 2, 1, 0, 0, 1, 1
4, 2800, 2, 1, 0, 0, 1, 1
4, 2801, 2, 1, 0, 0, 0.996666666666667, 1
4, 2802, 2, 1, 0, 0, 0.999866666666667, 1
4, 2803, 2, 1, 0, 0, 1, 1
4, 2804, 2, 1, 0, 0, 0.999866666666667, 1
4, 2805, 2, 1, 0, 0, 0.9956, 1
4, 2806, 2, 1, 0, 0, 1, 1
4, 2807, 2, 1, 0, 0, 1, 1
4, 2808, 2, 1, 0, 0, 0.999866666666667, 1
4, 2809, 2, 1, 0, 0, 0.9944, 1
4, 2810, 2, 1, 0, 0, 1, 1
4, 2811, 2, 1, 0, 0, 1, 1
4, 2812, 2, 0, 0, 1, 0.97, 1
4, 2813, 2, 1, 0, 0, 1, 1
4, 2814, 2, 1, 0, 0, 1, 1
4, 2815, 2, 1, 0, 0, 0.998933333333333, 1
4, 2816, 2, 1, 0, 0, 0.9996, 1
4, 2817, 2, 1, 0, 0, 1, 1
4, 2818, 2, 1, 0, 0, 1, 1
4, 2819, 2, 1, 0, 0, 0.999466666666667, 1
4, 2820, 2, 1, 0, 0, 0.9996, 1
4, 2821, 2, 1, 0, 0, 0.9992, 1
4, 2822, 2, 1, 0, 0, 1, 1
4, 2823, 2, 1, 0, 0, 1, 1
4, 2824, 2, 1, 0, 0, 0.999733333333333, 1
4, 2825, 2, 1, 0, 0, 0.977866666666667, 1
4, 2826, 2, 1, 0, 0, 0.999866666666667, 1
4, 2827, 2, 1, 0, 0, 0.999333333333333, 1
4, 2828, 2, 1, 0, 0, 0.9996, 1
4, 2829, 2, 1, 0, 0, 1, 1
4, 2830, 2, 1, 0, 0, 1, 1
4, 2831, 2, 1, 0, 0, 1, 1
4, 2832, 2, 1, 0, 0, 0.993333333333333, 1
4, 2833, 2, 1, 0, 0, 1, 1
4, 2834, 2, 1, 0, 0, 1, 1
4, 2835, 2, 1, 0, 0, 1, 1
4, 2836, 2, 1, 0, 0, 0.999866666666667, 1
4, 2837, 2, 1, 0, 0, 1, 1
4, 2838, 2, 1, 0, 0, 1, 1
4, 2839, 2, 1, 0, 0, 1, 1
4, 2840, 2, 1, 0, 0, 0.999866666666667, 1
4, 2841, 2, 1, 0, 0, 1, 1
4, 2842, 2, 0, 0, 1, 0.9596, 1
4, 2843, 2, 1, 0, 0, 1, 1
4, 2844, 2, 1, 0, 0, 1, 1
4, 2845, 2, 1, 0, 0, 1, 1
4, 2846, 2, 1, 0, 0, 1, 1
4, 2847, 2, 1, 0, 0, 1, 1
4, 2848, 2, 1, 0, 0, 0.999866666666667, 1
4, 2849, 2, 1, 0, 0, 0.999866666666667, 1
4, 2850, 2, 1, 0, 0, 0.999733333333333, 1
4, 2851, 2, 1, 0, 0, 0.9984, 1
4, 2852, 2, 1, 0, 0, 1, 1
4, 2853, 2, 1, 0, 0, 1, 1
4, 2854, 2, 1, 0, 0, 1, 1
4, 2855, 2, 1, 0, 0, 1, 1
4, 2856, 2, 1, 0, 0, 1, 1
4, 2857, 2, 1, 0, 0, 1, 1
4, 2858, 2, 1, 0, 0, 1, 1
4, 2859, 2, 1, 0, 0, 1, 1
4, 2860, 2, 1, 0, 0, 1, 1
4, 2861, 2, 1, 0, 0, 0.998266666666667, 1
4, 2862, 2, 1, 0, 0, 1, 1
4, 2863, 2, 0, 0, 1, 0.924666666666667, 1
4, 2864, 2, 1, 0, 0, 1, 1
4, 2865, 2, 1, 0, 0, 1, 1
4, 2866, 2, 1, 0, 0, 1, 1
4, 2867, 2, 1, 0, 0, 1, 1
4, 2868, 2, 1, 0, 0, 0.9984, 1
4, 2869, 2, 1, 0, 0, 1, 1
4, 2870, 2, 1, 0, 0, 0.9952, 1
4, 2871, 2, 1, 0, 0, 1, 1
4, 2872, 2, 1, 0, 0, 1, 1
4, 2873, 2, 1, 0, 0, 1, 1
4, 2874, 2, 1, 0, 0, 1, 1
4, 2875, 2, 1, 0, 0, 1, 1
4, 2876, 2, 1, 0, 0, 1, 1
4, 2877, 2, 0, 0, 1, 0.942666666666667, 1
4, 2878, 2, 1, 0, 0, 1, 1
4, 2879, 2, 1, 0, 0, 1, 1
4, 2880, 2, 1, 0, 0, 1, 1
4, 2881, 2, 1, 0, 0, 0.999866666666667, 1
4, 2882, 2, 1, 0, 0, 1, 1
4, 2883, 2, 1, 0, 0, 0.998933333333333, 1
4, 2884, 2, 1, 0, 0, 1, 1
4, 2885, 2, 1, 0, 0, 1, 1
4, 2886, 2, 1, 0, 0, 1, 1
4, 2887, 2, 1, 0, 0, 0.999466666666667, 1
4, 2888, 2, 1, 0, 0, 1, 1
4, 2889, 2, 1, 0, 0, 0.9984, 1
4, 2890, 2, 1, 0, 0, 1, 1
4, 2891, 2, 1, 0, 0, 1, 1
4, 2892, 2, 1, 0, 0, 0.999866666666667, 1
4, 2893, 2, 1, 0, 0, 0.999066666666667, 1
4, 2894, 2, 1, 0, 0, 1, 1
4, 2895, 2, 1, 0, 0, 1, 1
4, 2896, 2, 1, 0, 0, 1, 1
4, 2897, 2, 1, 0, 0, 0.999333333333333, 1
4, 2898, 2, 1, 0, 0, 0.999866666666667, 1
4, 2899, 2, 1, 0, 0, 0.997066666666667, 1
4, 2900, 2, 1, 0, 0, 0.998533333333333, 1
4, 2901, 2, 1, 0, 0, 0.9984, 1
4, 2902, 2, 1, 0, 0, 1, 1
4, 2903, 2, 1, 0, 0, 1, 1
4, 2904, 2, 1, 0, 0, 1, 1
4, 2905, 2, 1, 0, 0, 0.996533333333333, 1
4, 2906, 2, 1, 0, 0, 0.998133333333333, 1
4, 2907, 2, 1, 0, 0, 1, 1
4, 2908, 2, 1, 0, 0, 1, 1
4, 2909, 2, 1, 0, 0, 1, 1
4, 2910, 2, 1, 0, 0, 1, 1
4, 2911, 2, 1, 0, 0, 0.9996, 1
4, 2912, 2, 1, 0, 0, 1, 1
4, 2913, 2, 1, 0, 0, 1, 1
4, 2914, 2, 1, 0, 0, 1, 1
4, 2915, 2, 1, 0, 0, 1, 1
4, 2916, 2, 1, 0, 0, 0.999466666666667, 1
4, 2917, 2, 1, 0, 0, 0.9996, 1
4, 2918, 2, 1, 0, 0, 0.995866666666667, 1
4, 2919, 2, 1, 0, 0, 0.999733333333333, 1
4, 2920, 2, 1, 0, 0, 1, 1
4, 2921, 2, 1, 0, 0, 1, 1
4, 2922, 2, 1, 0, 0, 1, 1
4, 2923, 2, 1, 0, 0, 1, 1
4, 2924, 2, 1, 0, 0, 1, 1
4, 2925, 2, 1, 0, 0, 0.993333333333333, 1
4, 2926, 2, 1, 0, 0, 0.9964, 1
4, 2927, 2, 1, 0, 0, 1, 1
4, 2928, 2, 1, 0, 0, 1, 1
4, 2929, 2, 1, 0, 0, 0.999866666666667, 1
4, 2930, 2, 1, 0, 0, 1, 1
4, 2931, 2, 1, 0, 0, 0.983466666666667, 1
4, 2932, 2, 1, 0, 0, 1, 1
4, 2933, 2, 1, 0, 0, 0.999733333333333, 1
4, 2934, 2, 1, 0, 0, 0.999866666666667, 1
4, 2935, 2, 1, 0, 0, 0.999866666666667, 1
4, 2936, 2, 1, 0, 0, 0.999866666666667, 1
4, 2937, 2, 1, 0, 0, 1, 1
4, 2938, 2, 1, 0, 0, 0.999733333333333, 1
4, 2939, 2, 1, 0, 0, 1, 1
4, 2940, 2, 1, 0, 0, 1, 1
4, 2941, 2, 1, 0, 0, 1, 1
4, 2942, 2, 1, 0, 0, 1, 1
4, 2943, 2, 1, 0, 0, 1, 1
4, 2944, 2, 1, 0, 0, 1, 1
4, 2945, 2, 1, 0, 0, 1, 1
4, 2946, 2, 1, 0, 0, 1, 1
4, 2947, 2, 1, 0, 0, 1, 1
4, 2948, 2, 1, 0, 0, 1, 1
4, 2949, 2, 1, 0, 0, 1, 1
4, 2950, 2, 1, 0, 0, 1, 1
4, 2951, 2, 1, 0, 0, 1, 1
4, 2952, 2, 1, 0, 0, 1, 1
4, 2953, 2, 1, 0, 0, 0.992133333333333, 1
4, 2954, 2, 1, 0, 0, 1, 1
4, 2955, 2, 0, 0, 1, 0.9508, 1
4, 2956, 2, 1, 0, 0, 0.991866666666667, 1
4, 2957, 2, 1, 0, 0, 0.999733333333333, 1
4, 2958, 2, 1, 0, 0, 0.999066666666667, 1
4, 2959, 2, 1, 0, 0, 1, 1
4, 2960, 2, 1, 0, 0, 1, 1
4, 2961, 2, 1, 0, 0, 1, 1
4, 2962, 2, 1, 0, 0, 0.999466666666667, 1
4, 2963, 2, 1, 0, 0, 1, 1
4, 2964, 2, 1, 0, 0, 0.9872, 1
4, 2965, 2, 1, 0, 0, 1, 1
4, 2966, 2, 1, 0, 0, 0.999466666666667, 1
4, 2967, 2, 1, 0, 0, 0.9992, 1
4, 2968, 2, 1, 0, 0, 0.9988, 1
4, 2969, 2, 1, 0, 0, 1, 1
4, 2970, 2, 1, 0, 0, 1, 1
4, 2971, 2, 1, 0, 0, 0.999866666666667, 1
4, 2972, 2, 1, 0, 0, 0.995866666666667, 1
4, 2973, 2, 1, 0, 0, 0.9996, 1
4, 2974, 2, 0, 0, 1, 0.8604, 1
4, 2975, 2, 1, 0, 0, 1, 1
4, 2976, 2, 1, 0, 0, 1, 1
4, 2977, 2, 1, 0, 0, 1, 1
4, 2978, 2, 1, 0, 0, 1, 1
4, 2979, 2, 1, 0, 0, 0.996933333333333, 1
4, 2980, 2, 1, 0, 0, 1, 1
4, 2981, 2, 1, 0, 0, 1, 1
4, 2982, 2, 1, 0, 0, 0.999733333333333, 1
4, 2983, 2, 0, 0, 1, 0.9676, 1
4, 2984, 2, 1, 0, 0, 0.999466666666667, 1
4, 2985, 2, 1, 0, 0, 1, 1
4, 2986, 2, 1, 0, 0, 0.999733333333333, 1
4, 2987, 2, 1, 0, 0, 1, 1
4, 2988, 2, 1, 0, 0, 0.999866666666667, 1
4, 2989, 2, 1, 0, 0, 1, 1
4, 2990, 2, 1, 0, 0, 0.999866666666667, 1
4, 2991, 2, 1, 0, 0, 0.9932, 1
4, 2992, 2, 1, 0, 0, 1, 1
4, 2993, 2, 1, 0, 0, 1, 1
4, 2994, 2, 1, 0, 0, 0.995333333333333, 1
4, 2995, 2, 1, 0, 0, 1, 1
4, 2996, 2, 1, 0, 0, 0.999866666666667, 1
4, 2997, 2, 1, 0, 0, 1, 1
4, 2998, 2, 1, 0, 0, 0.9992, 1
4, 2999, 2, 1, 0, 0, 0.996266666666667, 1
4, 3000, 2, 1, 0, 0, 1, 1
4, 3001, 2, 0, 0, 1, 0.973066666666667, 1
4, 3002, 2, 1, 0, 0, 0.9852, 1
4, 3003, 2, 1, 0, 0, 1, 1
4, 3004, 2, 0, 0, 1, 0.962, 1
4, 3005, 2, 1, 0, 0, 0.996666666666667, 1
4, 3006, 2, 0, 0, 1, 0.954933333333333, 1
4, 3007, 2, 1, 0, 0, 0.996666666666667, 1
4, 3008, 2, 1, 0, 0, 0.997866666666667, 1
4, 3009, 2, 1, 0, 0, 0.979733333333333, 1
4, 3010, 2, 1, 0, 0, 0.978933333333333, 1
4, 3011, 2, 0, 0, 1, 0.785866666666667, 1
4, 3012, 2, 0, 0, 1, 0.915733333333333, 1
4, 3013, 2, 1, 0, 0, 0.994133333333333, 1
4, 3014, 2, 0, 0, 1, 0.932133333333333, 1
4, 3015, 2, 1, 0, 0, 0.992666666666667, 1
4, 3016, 2, 1, 0, 0, 0.9892, 1
4, 3017, 2, 0, 0, 1, 0.942266666666667, 1
4, 3018, 2, 0, 0, 1, 0.8684, 1
4, 3019, 2, 1, 0, 0, 0.990133333333333, 1
4, 3020, 2, 0, 0, 1, 0.954266666666667, 1
4, 3021, 2, 0, 0, 1, 0.8468, 1
4, 3022, 2, 0, 0, 1, 0.938533333333333, 1
4, 3023, 2, 0, 0, 1, 0.923333333333333, 1
4, 3024, 2, 0, 0, 1, 0.887866666666667, 1
4, 3025, 2, 0, 0, 1, 0.968666666666667, 1
4, 3026, 2, 1, 0, 0, 0.990266666666667, 1
4, 3027, 2, 1, 0, 0, 0.985066666666667, 1
4, 3028, 2, 0, 0, 1, 0.744933333333333, 1
4, 3029, 2, 1, 0, 0, 0.999466666666667, 1
4, 3030, 2, 1, 0, 0, 0.993733333333333, 1
4, 3031, 2, 1, 0, 0, 1, 1
4, 3032, 2, 1, 0, 0, 0.997466666666667, 1
4, 3033, 2, 0, 0, 1, 0.966933333333333, 1
4, 3034, 2, 1, 0, 0, 0.988266666666667, 1
4, 3035, 2, 1, 0, 0, 0.994933333333333, 1
4, 3036, 2, 1, 0, 0, 0.9756, 1
4, 3037, 2, 1, 0, 0, 0.9752, 1
4, 3038, 2, 1, 0, 0, 0.986133333333333, 1
4, 3039, 2, 1, 0, 0, 0.997466666666667, 1
4, 3040, 2, 0, 0, 1, 0.7248, 1
4, 3041, 2, 1, 0, 0, 0.999333333333333, 1
4, 3042, 2, 0, 0, 1, 0.758533333333333, 1
4, 3043, 2, 1, 0, 0, 0.994, 1
4, 3044, 2, 0, 0, 1, 0.9208, 1
4, 3045, 2, 0, 0, 1, 0.463866666666667, 1
4, 3046, 2, 1, 0, 0, 1, 1
4, 3047, 2, 1, 0, 0, 0.998933333333333, 1
4, 3048, 2, 0, 0, 1, 0.966, 1
4, 3049, 2, 1, 0, 0, 0.9896, 1
4, 3050, 2, 0, 0, 1, 0.745866666666667, 1
4, 3051, 2, 0, 0, 1, 0.927866666666667, 1
4, 3052, 2, 0, 0, 1, 0.936133333333333, 1
4, 3053, 2, 0, 0, 1, 0.873866666666667, 1
4, 3054, 2, 1, 0, 0, 0.9992, 1
4, 3055, 2, 1, 0, 0, 0.9928, 1
4, 3056, 2, 0, 0, 1, 0.948533333333333, 1
4, 3057, 2, 1, 0, 0, 0.999333333333333, 1
4, 3058, 2, 0, 0, 1, 0.9396, 1
4, 3059, 2, 1, 0, 0, 0.9828, 1
4, 3060, 2, 1, 0, 0, 1, 1
4, 3061, 2, 0, 0, 1, 0.842933333333333, 1
4, 3062, 2, 1, 0, 0, 0.984533333333333, 1
4, 3063, 2, 0, 0, 1, 0.9648, 1
4, 3064, 2, 1, 0, 0, 0.9996, 1
4, 3065, 2, 1, 0, 0, 0.980933333333333, 1
4, 3066, 2, 0, 0, 1, 0.966133333333333, 1
4, 3067, 2, 1, 0, 0, 0.997466666666667, 1
4, 3068, 2, 1, 0, 0, 0.998, 1
4, 3069, 2, 0, 0, 1, 0.599333333333333, 1
4, 3070, 2, 1, 0, 0, 0.9908, 1
4, 3071, 2, 1, 0, 0, 0.996, 1
4, 3072, 2, 0, 0, 1, 0.403466666666667, 1
4, 3073, 2, 0, 0, 1, 0.5292, 1
4, 3074, 2, 0, 0, 1, 0.929066666666667, 1
4, 3075, 2, 0, 0, 1, 0.741333333333333, 1
4, 3076, 2, 1, 0, 0, 0.978666666666667, 1
4, 3077, 2, 1, 0, 0, 1, 1
4, 3078, 2, 1, 0, 0, 0.9948, 1
4, 3079, 2, 0, 0, 1, 0.5976, 1
4, 3080, 2, 1, 0, 0, 0.9976, 1
4, 3081, 2, 1, 0, 0, 0.9952, 1
4, 3082, 2, 0, 0, 1, 0.796933333333333, 1
4, 3083, 2, 0, 0, 1, 0.9632, 1
4, 3084, 2, 0, 0, 1, 0.961066666666667, 1
4, 3085, 2, 0, 0, 1, 0.9272, 1
4, 3086, 2, 1, 0, 0, 0.998, 1
4, 3087, 2, 0, 0, 1, 0.704, 1
4, 3088, 2, 1, 0, 0, 0.994666666666667, 1
4, 3089, 2, 1, 0, 0, 0.991066666666667, 1
4, 3090, 2, 1, 0, 0, 1, 1
4, 3091, 2, 1, 0, 0, 0.9928, 1
4, 3092, 2, 1, 0, 0, 0.9936, 1
4, 3093, 2, 1, 0, 0, 1, 1
4, 3094, 2, 1, 0, 0, 0.997466666666667, 1
4, 3095, 2, 1, 0, 0, 0.986533333333333, 1
4, 3096, 2, 0, 0, 1, 0.972666666666667, 1
4, 3097, 2, 0, 0, 1, 0.864266666666667, 1
4, 3098, 2, 0, 0, 1, 0.789466666666667, 1
4, 3099, 2, 0, 0, 1, 0.4424, 1
4, 3100, 2, 1, 0, 0, 0.997466666666667, 1
4, 3101, 2, 0, 0, 1, 0.970266666666667, 1
4, 3102, 2, 1, 0, 0, 0.982, 1
4, 3103, 2, 1, 0, 0, 0.9896, 1
4, 3104, 2, 1, 0, 0, 1, 1
4, 3105, 2, 0, 0, 1, 0.962666666666667, 1
4, 3106, 2, 1, 0, 0, 0.999866666666667, 1
4, 3107, 2, 0, 0, 1, 0.899333333333333, 1
4, 3108, 2, 1, 0, 0, 0.9996, 1
4, 3109, 2, 1, 0, 0, 0.9836, 1
4, 3110, 2, 1, 0, 0, 0.998533333333333, 1
4, 3111, 2, 0, 0, 1, 0.955733333333333, 1
4, 3112, 2, 0, 0, 1, 0.951866666666667, 1
4, 3113, 2, 1, 0, 0, 0.982133333333333, 1
4, 3114, 2, 1, 0, 0, 0.977333333333333, 1
4, 3115, 2, 0, 0, 1, 0.833866666666667, 1
4, 3116, 2, 1, 0, 0, 0.992, 1
4, 3117, 2, 0, 0, 1, 0.7112, 1
4, 3118, 2, 1, 0, 0, 0.9912, 1
4, 3119, 2, 1, 0, 0, 0.998533333333333, 1
4, 3120, 2, 1, 0, 0, 0.994933333333333, 1
4, 3121, 2, 1, 0, 0, 0.9896, 1
4, 3122, 2, 1, 0, 0, 0.9996, 1
4, 3123, 2, 0, 0, 1, 0.776533333333333, 1
4, 3124, 2, 0, 0, 1, 0.627866666666667, 1
4, 3125, 2, 1, 0, 0, 0.998, 1
4, 3126, 2, 0, 0, 1, 0.7284, 1
4, 3127, 2, 1, 0, 0, 1, 1
4, 3128, 2, 0, 0, 1, 0.956533333333333, 1
4, 3129, 2, 1, 0, 0, 0.997066666666667, 1
4, 3130, 2, 1, 0, 0, 0.999333333333333, 1
4, 3131, 2, 1, 0, 0, 0.992933333333333, 1
4, 3132, 2, 0, 0, 1, 0.931733333333333, 1
4, 3133, 2, 0, 0, 1, 0.722933333333333, 1
4, 3134, 2, 0, 0, 1, 0.888266666666667, 1
4, 3135, 2, 0, 0, 1, 0.903333333333333, 1
4, 3136, 2, 1, 0, 0, 0.9944, 1
4, 3137, 2, 0, 0, 1, 0.717333333333333, 1
4, 3138, 2, 0, 0, 1, 0.601466666666667, 1
4, 3139, 2, 1, 0, 0, 0.9932, 1
4, 3140, 2, 0, 0, 1, 0.944533333333333, 1
4, 3141, 2, 1, 0, 0, 0.995733333333333, 1
4, 3142, 2, 0, 0, 1, 0.848666666666667, 1
4, 3143, 2, 1, 0, 0, 1, 1
4, 3144, 2, 0, 0, 1, 0.926666666666667, 1
4, 3145, 2, 1, 0, 0, 0.9772, 1
4, 3146, 2, 0, 0, 1, 0.9448, 1
4, 3147, 2, 1, 0, 0, 0.9964, 1
4, 3148, 2, 1, 0, 0, 1, 1
4, 3149, 2, 0, 0, 1, 0.930666666666667, 1
4, 3150, 2, 1, 0, 0, 0.990266666666667, 1
4, 3151, 2, 1, 0, 0, 0.9916, 1
4, 3152, 2, 1, 0, 0, 0.998133333333333, 1
4, 3153, 2, 1, 0, 0, 0.9968, 1
4, 3154, 2, 1, 0, 0, 0.988666666666667, 1
4, 3155, 2, 0, 0, 1, 0.897066666666667, 1
4, 3156, 2, 1, 0, 0, 0.9964, 1
4, 3157, 2, 1, 0, 0, 0.9888, 1
4, 3158, 2, 1, 0, 0, 0.990666666666667, 1
4, 3159, 2, 1, 0, 0, 0.995866666666667, 1
4, 3160, 2, 0, 0, 1, 0.964, 1
4, 3161, 2, 1, 0, 0, 0.983066666666667, 1
4, 3162, 2, 1, 0, 0, 0.999066666666667, 1
4, 3163, 2, 0, 0, 1, 0.936, 1
4, 3164, 2, 0, 0, 1, 0.9192, 1
4, 3165, 2, 1, 0, 0, 0.996, 1
4, 3166, 2, 0, 0, 1, 0.923733333333333, 1
4, 3167, 2, 1, 0, 0, 0.993866666666667, 1
4, 3168, 2, 0, 0, 1, 0.868, 1
4, 3169, 2, 0, 0, 1, 0.9424, 1
4, 3170, 2, 0, 0, 1, 0.960933333333333, 1
4, 3171, 2, 0, 0, 1, 0.799866666666667, 1
4, 3172, 2, 1, 0, 0, 0.9776, 1
4, 3173, 2, 1, 0, 0, 1, 1
4, 3174, 2, 1, 0, 0, 1, 1
4, 3175, 2, 0, 0, 1, 0.671466666666667, 1
4, 3176, 2, 1, 0, 0, 0.9908, 1
4, 3177, 2, 0, 0, 1, 0.668133333333333, 1
4, 3178, 2, 1, 0, 0, 0.992533333333333, 1
4, 3179, 2, 1, 0, 0, 0.989733333333333, 1
4, 3180, 2, 0, 0, 1, 0.7628, 1
4, 3181, 2, 1, 0, 0, 0.995733333333333, 1
4, 3182, 2, 0, 0, 1, 0.959866666666667, 1
4, 3183, 2, 0, 0, 1, 0.8908, 1
4, 3184, 2, 1, 0, 0, 0.998533333333333, 1
4, 3185, 2, 1, 0, 0, 0.9996, 1
4, 3186, 2, 0, 0, 1, 0.550266666666667, 1
4, 3187, 2, 1, 0, 0, 1, 1
4, 3188, 2, 1, 0, 0, 0.9948, 1
4, 3189, 2, 1, 0, 0, 0.978666666666667, 1
4, 3190, 2, 1, 0, 0, 0.999866666666667, 1
4, 3191, 2, 0, 0, 1, 0.856133333333333, 1
4, 3192, 2, 0, 0, 1, 0.614133333333333, 1
4, 3193, 2, 1, 0, 0, 0.9788, 1
4, 3194, 2, 1, 0, 0, 0.975466666666667, 1
4, 3195, 2, 1, 0, 0, 0.985866666666667, 1
4, 3196, 2, 0, 0, 1, 0.8296, 1
4, 3197, 2, 1, 0, 0, 0.997866666666667, 1
4, 3198, 2, 1, 0, 0, 0.9908, 1
4, 3199, 2, 0, 0, 1, 0.970133333333333, 1
4, 3200, 2, 1, 0, 0, 0.999733333333333, 1
4, 3201, 2, 0, 0, 1, 0.920266666666667, 1
4, 3202, 2, 1, 0, 0, 0.994666666666667, 1
4, 3203, 2, 1, 0, 0, 0.995333333333333, 1
4, 3204, 2, 1, 0, 0, 1, 1
4, 3205, 2, 1, 0, 0, 0.988, 1
4, 3206, 2, 1, 0, 0, 0.9988, 1
4, 3207, 2, 0, 0, 1, 0.94, 1
4, 3208, 2, 1, 0, 0, 0.999866666666667, 1
4, 3209, 2, 1, 0, 0, 0.996533333333333, 1
4, 3210, 2, 1, 0, 0, 0.999333333333333, 1
4, 3211, 2, 0, 0, 1, 0.960133333333333, 1
4, 3212, 2, 0, 0, 1, 0.9364, 1
4, 3213, 2, 0, 0, 1, 0.9236, 1
4, 3214, 2, 1, 0, 0, 1, 1
4, 3215, 2, 0, 0, 1, 0.852933333333333, 1
4, 3216, 2, 1, 0, 0, 0.9984, 1
4, 3217, 2, 0, 0, 1, 0.915066666666667, 1
4, 3218, 2, 1, 0, 0, 0.992133333333333, 1
4, 3219, 2, 0, 0, 1, 0.964266666666667, 1
4, 3220, 2, 0, 0, 1, 0.738666666666667, 1
4, 3221, 2, 0, 0, 1, 0.888266666666667, 1
4, 3222, 2, 1, 0, 0, 0.998533333333333, 1
4, 3223, 2, 1, 0, 0, 0.998133333333333, 1
4, 3224, 2, 0, 0, 1, 0.823866666666667, 1
4, 3225, 2, 0, 0, 1, 0.4184, 1
4, 3226, 2, 0, 0, 1, 0.841466666666667, 1
4, 3227, 2, 0, 0, 1, 0.889066666666667, 1
4, 3228, 2, 0, 0, 1, 0.7868, 1
4, 3229, 2, 1, 0, 0, 0.999333333333333, 1
4, 3230, 2, 1, 0, 0, 0.998666666666667, 1
4, 3231, 2, 1, 0, 0, 0.9968, 1
4, 3232, 2, 1, 0, 0, 0.999866666666667, 1
4, 3233, 2, 0, 0, 1, 0.836, 1
4, 3234, 2, 1, 0, 0, 0.997333333333333, 1
4, 3235, 2, 1, 0, 0, 0.991466666666667, 1
4, 3236, 2, 0, 0, 1, 0.926933333333333, 1
4, 3237, 2, 1, 0, 0, 0.999733333333333, 1
4, 3238, 2, 0, 0, 1, 0.768266666666667, 1
4, 3239, 2, 0, 0, 1, 0.924266666666667, 1
4, 3240, 2, 0, 0, 1, 0.9548, 1
4, 3241, 2, 1, 0, 0, 0.9976, 1
4, 3242, 2, 0, 0, 1, 0.9248, 1
4, 3243, 2, 0, 0, 1, 0.886, 1
4, 3244, 2, 0, 0, 1, 0.955066666666667, 1
4, 3245, 2, 1, 0, 0, 0.994266666666667, 1
4, 3246, 2, 0, 0, 1, 0.927066666666667, 1
4, 3247, 2, 1, 0, 0, 0.9976, 1
4, 3248, 2, 1, 0, 0, 0.989333333333333, 1
4, 3249, 2, 1, 0, 0, 0.9964, 1
4, 3250, 2, 0, 0, 1, 0.896133333333333, 1
4, 3251, 2, 0, 0, 1, 0.947866666666667, 1
4, 3252, 2, 1, 0, 0, 0.982933333333333, 1
4, 3253, 2, 1, 0, 0, 0.984133333333333, 1
4, 3254, 2, 1, 0, 0, 0.9992, 1
4, 3255, 2, 0, 0, 1, 0.910133333333333, 1
4, 3256, 2, 1, 0, 0, 0.9964, 1
4, 3257, 2, 0, 0, 1, 0.859733333333333, 1
4, 3258, 2, 0, 0, 1, 0.898133333333333, 1
4, 3259, 2, 1, 0, 0, 0.994533333333333, 1
4, 3260, 2, 1, 0, 0, 1, 1
4, 3261, 2, 1, 0, 0, 0.996, 1
4, 3262, 2, 1, 0, 0, 1, 1
4, 3263, 2, 0, 0, 1, 0.954, 1
4, 3264, 2, 1, 0, 0, 0.9976, 1
4, 3265, 2, 0, 0, 1, 0.8212, 1
4, 3266, 2, 1, 0, 0, 0.998933333333333, 1
4, 3267, 2, 0, 0, 1, 0.424666666666667, 1
4, 3268, 2, 0, 0, 1, 0.918, 1
4, 3269, 2, 1, 0, 0, 0.980533333333333, 1
4, 3270, 2, 1, 0, 0, 0.975866666666667, 1
4, 3271, 2, 0, 0, 1, 0.879733333333333, 1
4, 3272, 2, 1, 0, 0, 0.993333333333333, 1
4, 3273, 2, 0, 0, 1, 0.959466666666667, 1
4, 3274, 2, 1, 0, 0, 0.999866666666667, 1
4, 3275, 2, 1, 0, 0, 0.9916, 1
4, 3276, 2, 0, 0, 1, 0.772933333333333, 1
4, 3277, 2, 0, 0, 1, 0.943333333333333, 1
4, 3278, 2, 0, 0, 1, 0.4352, 1
4, 3279, 2, 1, 0, 0, 0.9756, 1
4, 3280, 2, 1, 0, 0, 0.999333333333333, 1
4, 3281, 2, 1, 0, 0, 0.975733333333333, 1
4, 3282, 2, 0, 0, 1, 0.892933333333333, 1
4, 3283, 2, 0, 0, 1, 0.917333333333333, 1
4, 3284, 2, 1, 0, 0, 0.998, 1
4, 3285, 2, 0, 0, 1, 0.771733333333333, 1
4, 3286, 2, 1, 0, 0, 1, 1
4, 3287, 2, 1, 0, 0, 1, 1
4, 3288, 2, 1, 0, 0, 0.978, 1
4, 3289, 2, 1, 0, 0, 0.9992, 1
4, 3290, 2, 0, 0, 1, 0.925466666666667, 1
4, 3291, 2, 0, 0, 1, 0.828933333333333, 1
4, 3292, 2, 0, 0, 1, 0.901333333333333, 1
4, 3293, 2, 1, 0, 0, 0.9916, 1
4, 3294, 2, 1, 0, 0, 0.998533333333333, 1
4, 3295, 2, 1, 0, 0, 0.9764, 1
4, 3296, 2, 1, 0, 0, 0.984666666666667, 1
4, 3297, 2, 0, 0, 1, 0.958133333333333, 1
4, 3298, 2, 0, 0, 1, 0.914133333333333, 1
4, 3299, 2, 0, 0, 1, 0.883333333333333, 1
4, 3300, 2, 0, 0, 1, 0.847866666666667, 1
4, 3301, 2, 1, 0, 0, 0.991066666666667, 1
4, 3302, 2, 0, 0, 1, 0.8916, 1
4, 3303, 2, 0, 0, 1, 0.943866666666667, 1
4, 3304, 2, 0, 0, 1, 0.958666666666667, 1
4, 3305, 2, 0, 0, 1, 0.629066666666667, 1
4, 3306, 2, 0, 0, 1, 0.902, 1
4, 3307, 2, 1, 0, 0, 0.9988, 1
4, 3308, 2, 0, 0, 1, 0.787733333333333, 1
4, 3309, 2, 1, 0, 0, 0.997333333333333, 1
4, 3310, 2, 0, 0, 1, 0.959466666666667, 1
4, 3311, 2, 1, 0, 0, 0.999466666666667, 1
4, 3312, 2, 0, 0, 1, 0.898133333333333, 1
4, 3313, 2, 1, 0, 0, 0.984666666666667, 1
4, 3314, 2, 1, 0, 0, 1, 1
4, 3315, 2, 0, 0, 1, 0.655466666666667, 1
4, 3316, 2, 0, 0, 1, 0.533466666666667, 1
4, 3317, 2, 0, 0, 1, 0.919733333333333, 1
4, 3318, 2, 1, 0, 0, 0.9872, 1
4, 3319, 2, 0, 0, 1, 0.9748, 1
4, 3320, 2, 1, 0, 0, 0.993733333333333, 1
4, 3321, 2, 0, 0, 1, 0.886933333333333, 1
4, 3322, 2, 0, 0, 1, 0.928533333333333, 1
4, 3323, 2, 0, 0, 1, 0.872666666666667, 1
4, 3324, 2, 0, 0, 1, 0.9404, 1
4, 3325, 2, 0, 0, 1, 0.744, 1
4, 3326, 2, 1, 0, 0, 0.999333333333333, 1
4, 3327, 2, 1, 0, 0, 1, 1
4, 3328, 2, 0, 0, 1, 0.936, 1
4, 3329, 2, 0, 0, 1, 0.524266666666667, 1
4, 3330, 2, 1, 0, 0, 0.981066666666667, 1
4, 3331, 2, 1, 0, 0, 0.998933333333333, 1
4, 3332, 2, 1, 0, 0, 0.991866666666667, 1
4, 3333, 2, 1, 0, 0, 0.998, 1
4, 3334, 2, 1, 0, 0, 0.994933333333333, 1
4, 3335, 2, 0, 0, 1, 0.946533333333333, 1
4, 3336, 2, 0, 0, 1, 0.946133333333333, 1
4, 3337, 2, 0, 0, 1, 0.837866666666667, 1
4, 3338, 2, 0, 0, 1, 0.836666666666667, 1
4, 3339, 2, 1, 0, 0, 0.981466666666667, 1
4, 3340, 2, 1, 0, 0, 0.998, 1
4, 3341, 2, 1, 0, 0, 0.9948, 1
4, 3342, 2, 1, 0, 0, 0.986666666666667, 1
4, 3343, 2, 1, 0, 0, 0.9956, 1
4, 3344, 2, 1, 0, 0, 0.982, 1
4, 3345, 2, 1, 0, 0, 0.996, 1
4, 3346, 2, 0, 0, 1, 0.9672, 1
4, 3347, 2, 1, 0, 0, 1, 1
4, 3348, 2, 0, 0, 1, 0.953866666666667, 1
4, 3349, 2, 0, 0, 1, 0.956666666666667, 1
4, 3350, 2, 0, 0, 1, 0.754, 1
4, 3351, 2, 0, 0, 1, 0.971466666666667, 1
4, 3352, 2, 1, 0, 0, 0.999066666666667, 1
4, 3353, 2, 0, 0, 1, 0.891066666666667, 1
4, 3354, 2, 1, 0, 0, 0.9876, 1
4, 3355, 2, 0, 0, 1, 0.974933333333333, 1
4, 3356, 2, 1, 0, 0, 0.9964, 1
4, 3357, 2, 0, 0, 1, 0.886133333333333, 1
4, 3358, 2, 0, 0, 1, 0.892133333333333, 1
4, 3359, 2, 0, 0, 1, 0.738533333333333, 1
4, 3360, 2, 0, 0, 1, 0.94, 1
4, 3361, 2, 1, 0, 0, 0.998933333333333, 1
4, 3362, 2, 1, 0, 0, 0.988533333333333, 1
4, 3363, 2, 0, 0, 1, 0.969333333333333, 1
4, 3364, 2, 0, 0, 1, 0.828533333333333, 1
4, 3365, 2, 0, 0, 1, 0.9596, 1
4, 3366, 2, 0, 0, 1, 0.970266666666667, 1
4, 3367, 2, 1, 0, 0, 0.989066666666667, 1
4, 3368, 2, 1, 0, 0, 0.995066666666667, 1
4, 3369, 2, 1, 0, 0, 0.9908, 1
4, 3370, 2, 1, 0, 0, 0.982933333333333, 1
4, 3371, 2, 0, 0, 1, 0.945866666666667, 1
4, 3372, 2, 1, 0, 0, 0.989333333333333, 1
4, 3373, 2, 1, 0, 0, 0.982, 1
4, 3374, 2, 1, 0, 0, 0.9812, 1
4, 3375, 2, 0, 0, 1, 0.9604, 1
4, 3376, 2, 0, 0, 1, 0.8476, 1
4, 3377, 2, 1, 0, 0, 0.995466666666667, 1
4, 3378, 2, 0, 0, 1, 0.894266666666667, 1
4, 3379, 2, 1, 0, 0, 0.993066666666667, 1
4, 3380, 2, 1, 0, 0, 1, 1
4, 3381, 2, 0, 0, 1, 0.9376, 1
4, 3382, 2, 0, 0, 1, 0.6692, 1
4, 3383, 2, 1, 0, 0, 0.994933333333333, 1
4, 3384, 2, 0, 0, 1, 0.813066666666667, 1
4, 3385, 2, 1, 0, 0, 0.9924, 1
4, 3386, 2, 1, 0, 0, 0.9972, 1
4, 3387, 2, 1, 0, 0, 0.998666666666667, 1
4, 3388, 2, 1, 0, 0, 0.9996, 1
4, 3389, 2, 1, 0, 0, 0.9956, 1
4, 3390, 2, 0, 0, 1, 0.688133333333333, 1
4, 3391, 2, 0, 0, 1, 0.913733333333333, 1
4, 3392, 2, 1, 0, 0, 0.9964, 1
4, 3393, 2, 0, 0, 1, 0.896, 1
4, 3394, 2, 1, 0, 0, 0.999066666666667, 1
4, 3395, 2, 1, 0, 0, 0.9904, 1
4, 3396, 2, 0, 0, 1, 0.9348, 1
4, 3397, 2, 1, 0, 0, 0.999066666666667, 1
4, 3398, 2, 0, 0, 1, 0.973866666666667, 1
4, 3399, 2, 0, 0, 1, 0.968666666666667, 1
4, 3400, 2, 0, 0, 1, 0.255733333333333, 1
4, 3401, 2, 0, 0, 1, 0.656933333333333, 1
4, 3402, 2, 0, 0, 1, 0.941333333333333, 1
4, 3403, 2, 0, 0, 1, 0.9132, 1
4, 3404, 2, 1, 0, 0, 0.995466666666667, 1
4, 3405, 2, 1, 0, 0, 0.987866666666667, 1
4, 3406, 2, 0, 0, 1, 0.894933333333333, 1
4, 3407, 2, 0, 0, 1, 0.9268, 1
4, 3408, 2, 0, 0, 1, 0.802533333333333, 1
4, 3409, 2, 0, 0, 1, 0.846, 1
4, 3410, 2, 0, 0, 1, 0.940533333333333, 1
4, 3411, 2, 0, 0, 1, 0.927333333333333, 1
4, 3412, 2, 0, 0, 1, 0.964666666666667, 1
4, 3413, 2, 1, 0, 0, 0.9996, 1
4, 3414, 2, 0, 0, 1, 0.733333333333333, 1
4, 3415, 2, 0, 0, 1, 0.797466666666667, 1
4, 3416, 2, 1, 0, 0, 0.9852, 1
4, 3417, 2, 0, 0, 1, 0.932266666666667, 1
4, 3418, 2, 0, 0, 1, 0.818266666666667, 1
4, 3419, 2, 1, 0, 0, 0.9864, 1
4, 3420, 2, 1, 0, 0, 0.989466666666667, 1
4, 3421, 2, 0, 0, 1, 0.699466666666667, 1
4, 3422, 2, 0, 0, 1, 0.708933333333333, 1
4, 3423, 2, 0, 0, 1, 0.867466666666667, 1
4, 3424, 2, 0, 0, 1, 0.695066666666667, 1
4, 3425, 2, 1, 0, 0, 0.9856, 1
4, 3426, 2, 1, 0, 0, 0.9904, 1
4, 3427, 2, 1, 0, 0, 0.999333333333333, 1
4, 3428, 2, 1, 0, 0, 0.977866666666667, 1
4, 3429, 2, 1, 0, 0, 0.991733333333333, 1
4, 3430, 2, 1, 0, 0, 0.994266666666667, 1
4, 3431, 2, 1, 0, 0, 0.994133333333333, 1
4, 3432, 2, 1, 0, 0, 0.986266666666667, 1
4, 3433, 2, 0, 0, 1, 0.889066666666667, 1
4, 3434, 2, 0, 0, 1, 0.795333333333333, 1
4, 3435, 2, 1, 0, 0, 0.9776, 1
4, 3436, 2, 0, 0, 1, 0.924666666666667, 1
4, 3437, 2, 1, 0, 0, 0.997733333333333, 1
4, 3438, 2, 0, 0, 1, 0.729733333333333, 1
4, 3439, 2, 0, 0, 1, 0.591066666666667, 1
4, 3440, 2, 1, 0, 0, 1, 1
4, 3441, 2, 1, 0, 0, 0.977466666666667, 1
4, 3442, 2, 1, 0, 0, 0.998666666666667, 1
4, 3443, 2, 1, 0, 0, 0.999466666666667, 1
4, 3444, 2, 1, 0, 0, 0.995866666666667, 1
4, 3445, 2, 1, 0, 0, 0.997866666666667, 1
4, 3446, 2, 1, 0, 0, 1, 1
4, 3447, 2, 0, 0, 1, 0.768, 1
4, 3448, 2, 1, 0, 0, 0.9984, 1
4, 3449, 2, 1, 0, 0, 0.979066666666667, 1
4, 3450, 2, 0, 0, 1, 0.806533333333333, 1
4, 3451, 2, 0, 0, 1, 0.711466666666667, 1
4, 3452, 2, 0, 0, 1, 0.768933333333333, 1
4, 3453, 2, 0, 0, 1, 0.9612, 1
4, 3454, 2, 1, 0, 0, 0.990266666666667, 1
4, 3455, 2, 1, 0, 0, 1, 1
4, 3456, 2, 0, 0, 1, 0.896266666666667, 1
4, 3457, 2, 0, 0, 1, 0.807866666666667, 1
4, 3458, 2, 0, 0, 1, 0.938, 1
4, 3459, 2, 0, 0, 1, 0.945866666666667, 1
4, 3460, 2, 0, 0, 1, 0.813066666666667, 1
4, 3461, 2, 0, 0, 1, 0.7228, 1
4, 3462, 2, 1, 0, 0, 1, 1
4, 3463, 2, 1, 0, 0, 0.999866666666667, 1
4, 3464, 2, 1, 0, 0, 0.996666666666667, 1
4, 3465, 2, 1, 0, 0, 0.982533333333333, 1
4, 3466, 2, 1, 0, 0, 0.999733333333333, 1
4, 3467, 2, 1, 0, 0, 0.978133333333333, 1
4, 3468, 2, 0, 0, 1, 0.962933333333333, 1
4, 3469, 2, 1, 0, 0, 0.992133333333333, 1
4, 3470, 2, 1, 0, 0, 0.998933333333333, 1
4, 3471, 2, 0, 0, 1, 0.912933333333333, 1
4, 3472, 2, 0, 0, 1, 0.799866666666667, 1
4, 3473, 2, 1, 0, 0, 0.9924, 1
4, 3474, 2, 0, 0, 1, 0.919333333333333, 1
4, 3475, 2, 0, 0, 1, 0.946, 1
4, 3476, 2, 0, 0, 1, 0.788266666666667, 1
4, 3477, 2, 1, 0, 0, 0.9976, 1
4, 3478, 2, 1, 0, 0, 0.996533333333333, 1
4, 3479, 2, 0, 0, 1, 0.928666666666667, 1
4, 3480, 2, 0, 0, 1, 0.8628, 1
4, 3481, 2, 1, 0, 0, 0.999333333333333, 1
4, 3482, 2, 0, 0, 1, 0.935333333333333, 1
4, 3483, 2, 0, 0, 1, 0.9456, 1
4, 3484, 2, 1, 0, 0, 1, 1
4, 3485, 2, 1, 0, 0, 0.9916, 1
4, 3486, 2, 0, 0, 1, 0.947066666666667, 1
4, 3487, 2, 0, 0, 1, 0.959333333333333, 1
4, 3488, 2, 0, 0, 1, 0.7476, 1
4, 3489, 2, 1, 0, 0, 0.999466666666667, 1
4, 3490, 2, 0, 0, 1, 0.963066666666667, 1
4, 3491, 2, 1, 0, 0, 0.9912, 1
4, 3492, 2, 0, 0, 1, 0.9404, 1
4, 3493, 2, 1, 0, 0, 0.998, 1
4, 3494, 2, 1, 0, 0, 0.996266666666667, 1
4, 3495, 2, 0, 0, 1, 0.776, 1
4, 3496, 2, 1, 0, 0, 0.999866666666667, 1
4, 3497, 2, 1, 0, 0, 0.9996, 1
4, 3498, 2, 0, 0, 1, 0.917733333333333, 1
4, 3499, 2, 0, 0, 1, 0.590533333333333, 1
4, 3500, 2, 1, 0, 0, 0.999866666666667, 1
4, 3501, 2, 1, 0, 0, 1, 1
4, 3502, 2, 1, 0, 0, 1, 1
4, 3503, 2, 1, 0, 0, 1, 1
4, 3504, 2, 1, 0, 0, 1, 1
4, 3505, 2, 1, 0, 0, 1, 1
4, 3506, 2, 1, 0, 0, 1, 1
4, 3507, 2, 1, 0, 0, 1, 1
4, 3508, 2, 1, 0, 0, 1, 1
4, 3509, 2, 1, 0, 0, 1, 1
4, 3510, 2, 1, 0, 0, 1, 1
4, 3511, 2, 1, 0, 0, 1, 1
4, 3512, 2, 1, 0, 0, 1, 1
4, 3513, 2, 1, 0, 0, 1, 1
4, 3514, 2, 1, 0, 0, 0.999866666666667, 1
4, 3515, 2, 1, 0, 0, 1, 1
4, 3516, 2, 1, 0, 0, 1, 1
4, 3517, 2, 1, 0, 0, 1, 1
4, 3518, 2, 1, 0, 0, 1, 1
4, 3519, 2, 1, 0, 0, 1, 1
4, 3520, 2, 1, 0, 0, 1, 1
4, 3521, 2, 1, 0, 0, 1, 1
4, 3522, 2, 1, 0, 0, 0.999333333333333, 1
4, 3523, 2, 1, 0, 0, 1, 1
4, 3524, 2, 1, 0, 0, 1, 1
4, 3525, 2, 1, 0, 0, 1, 1
4, 3526, 2, 1, 0, 0, 1, 1
4, 3527, 2, 1, 0, 0, 1, 1
4, 3528, 2, 1, 0, 0, 1, 1
4, 3529, 2, 1, 0, 0, 1, 1
4, 3530, 2, 1, 0, 0, 1, 1
4, 3531, 2, 1, 0, 0, 1, 1
4, 3532, 2, 1, 0, 0, 1, 1
4, 3533, 2, 1, 0, 0, 1, 1
4, 3534, 2, 1, 0, 0, 1, 1
4, 3535, 2, 1, 0, 0, 1, 1
4, 3536, 2, 1, 0, 0, 1, 1
4, 3537, 2, 1, 0, 0, 0.999466666666667, 1
4, 3538, 2, 1, 0, 0, 1, 1
4, 3539, 2, 1, 0, 0, 1, 1
4, 3540, 2, 1, 0, 0, 1, 1
4, 3541, 2, 1, 0, 0, 1, 1
4, 3542, 2, 1, 0, 0, 1, 1
4, 3543, 2, 1, 0, 0, 1, 1
4, 3544, 2, 1, 0, 0, 1, 1
4, 3545, 2, 1, 0, 0, 1, 1
4, 3546, 2, 1, 0, 0, 1, 1
4, 3547, 2, 1, 0, 0, 1, 1
4, 3548, 2, 1, 0, 0, 1, 1
4, 3549, 2, 1, 0, 0, 1, 1
4, 3550, 2, 1, 0, 0, 1, 1
4, 3551, 2, 1, 0, 0, 1, 1
4, 3552, 2, 1, 0, 0, 1, 1
4, 3553, 2, 1, 0, 0, 1, 1
4, 3554, 2, 1, 0, 0, 1, 1
4, 3555, 2, 1, 0, 0, 1, 1
4, 3556, 2, 1, 0, 0, 1, 1
4, 3557, 2, 1, 0, 0, 1, 1
4, 3558, 2, 1, 0, 0, 1, 1
4, 3559, 2, 1, 0, 0, 1, 1
4, 3560, 2, 1, 0, 0, 1, 1
4, 3561, 2, 1, 0, 0, 1, 1
4, 3562, 2, 1, 0, 0, 1, 1
4, 3563, 2, 1, 0, 0, 1, 1
4, 3564, 2, 1, 0, 0, 1, 1
4, 3565, 2, 1, 0, 0, 1, 1
4, 3566, 2, 1, 0, 0, 1, 1
4, 3567, 2, 1, 0, 0, 1, 1
4, 3568, 2, 1, 0, 0, 1, 1
4, 3569, 2, 1, 0, 0, 1, 1
4, 3570, 2, 1, 0, 0, 1, 1
4, 3571, 2, 1, 0, 0, 1, 1
4, 3572, 2, 1, 0, 0, 1, 1
4, 3573, 2, 1, 0, 0, 1, 1
4, 3574, 2, 1, 0, 0, 0.999866666666667, 1
4, 3575, 2, 1, 0, 0, 1, 1
4, 3576, 2, 1, 0, 0, 1, 1
4, 3577, 2, 1, 0, 0, 1, 1
4, 3578, 2, 1, 0, 0, 1, 1
4, 3579, 2, 1, 0, 0, 1, 1
4, 3580, 2, 1, 0, 0, 1, 1
4, 3581, 2, 1, 0, 0, 1, 1
4, 3582, 2, 1, 0, 0, 1, 1
4, 3583, 2, 1, 0, 0, 1, 1
4, 3584, 2, 1, 0, 0, 1, 1
4, 3585, 2, 1, 0, 0, 1, 1
4, 3586, 2, 1, 0, 0, 1, 1
4, 3587, 2, 1, 0, 0, 1, 1
4, 3588, 2, 1, 0, 0, 1, 1
4, 3589, 2, 1, 0, 0, 1, 1
4, 3590, 2, 1, 0, 0, 1, 1
4, 3591, 2, 1, 0, 0, 1, 1
4, 3592, 2, 1, 0, 0, 1, 1
4, 3593, 2, 1, 0, 0, 1, 1
4, 3594, 2, 1, 0, 0, 1, 1
4, 3595, 2, 1, 0, 0, 1, 1
4, 3596, 2, 1, 0, 0, 1, 1
4, 3597, 2, 1, 0, 0, 1, 1
4, 3598, 2, 1, 0, 0, 0.999866666666667, 1
4, 3599, 2, 1, 0, 0, 1, 1
4, 3600, 2, 1, 0, 0, 1, 1
4, 3601, 2, 1, 0, 0, 1, 1
4, 3602, 2, 1, 0, 0, 1, 1
4, 3603, 2, 1, 0, 0, 1, 1
4, 3604, 2, 1, 0, 0, 1, 1
4, 3605, 2, 1, 0, 0, 1, 1
4, 3606, 2, 1, 0, 0, 1, 1
4, 3607, 2, 1, 0, 0, 1, 1
4, 3608, 2, 1, 0, 0, 1, 1
4, 3609, 2, 1, 0, 0, 1, 1
4, 3610, 2, 1, 0, 0, 1, 1
4, 3611, 2, 1, 0, 0, 1, 1
4, 3612, 2, 1, 0, 0, 1, 1
4, 3613, 2, 1, 0, 0, 1, 1
4, 3614, 2, 1, 0, 0, 1, 1
4, 3615, 2, 1, 0, 0, 1, 1
4, 3616, 2, 1, 0, 0, 1, 1
4, 3617, 2, 1, 0, 0, 1, 1
4, 3618, 2, 1, 0, 0, 0.9996, 1
4, 3619, 2, 1, 0, 0, 1, 1
4, 3620, 2, 1, 0, 0, 1, 1
4, 3621, 2, 1, 0, 0, 1, 1
4, 3622, 2, 1, 0, 0, 1, 1
4, 3623, 2, 1, 0, 0, 1, 1
4, 3624, 2, 1, 0, 0, 1, 1
4, 3625, 2, 1, 0, 0, 1, 1
4, 3626, 2, 1, 0, 0, 1, 1
4, 3627, 2, 1, 0, 0, 1, 1
4, 3628, 2, 1, 0, 0, 1, 1
4, 3629, 2, 1, 0, 0, 1, 1
4, 3630, 2, 1, 0, 0, 1, 1
4, 3631, 2, 1, 0, 0, 1, 1
4, 3632, 2, 1, 0, 0, 1, 1
4, 3633, 2, 1, 0, 0, 1, 1
4, 3634, 2, 1, 0, 0, 1, 1
4, 3635, 2, 1, 0, 0, 1, 1
4, 3636, 2, 1, 0, 0, 1, 1
4, 3637, 2, 1, 0, 0, 1, 1
4, 3638, 2, 1, 0, 0, 1, 1
4, 3639, 2, 1, 0, 0, 1, 1
4, 3640, 2, 1, 0, 0, 1, 1
4, 3641, 2, 1, 0, 0, 1, 1
4, 3642, 2, 1, 0, 0, 1, 1
4, 3643, 2, 1, 0, 0, 1, 1
4, 3644, 2, 1, 0, 0, 1, 1
4, 3645, 2, 1, 0, 0, 1, 1
4, 3646, 2, 1, 0, 0, 1, 1
4, 3647, 2, 1, 0, 0, 1, 1
4, 3648, 2, 1, 0, 0, 1, 1
4, 3649, 2, 1, 0, 0, 0.999733333333333, 1
4, 3650, 2, 1, 0, 0, 1, 1
4, 3651, 2, 1, 0, 0, 1, 1
4, 3652, 2, 1, 0, 0, 1, 1
4, 3653, 2, 1, 0, 0, 1, 1
4, 3654, 2, 1, 0, 0, 1, 1
4, 3655, 2, 1, 0, 0, 1, 1
4, 3656, 2, 1, 0, 0, 1, 1
4, 3657, 2, 1, 0, 0, 1, 1
4, 3658, 2, 1, 0, 0, 1, 1
4, 3659, 2, 1, 0, 0, 1, 1
4, 3660, 2, 1, 0, 0, 1, 1
4, 3661, 2, 1, 0, 0, 1, 1
4, 3662, 2, 1, 0, 0, 1, 1
4, 3663, 2, 1, 0, 0, 1, 1
4, 3664, 2, 1, 0, 0, 1, 1
4, 3665, 2, 1, 0, 0, 1, 1
4, 3666, 2, 1, 0, 0, 1, 1
4, 3667, 2, 1, 0, 0, 1, 1
4, 3668, 2, 1, 0, 0, 1, 1
4, 3669, 2, 1, 0, 0, 1, 1
4, 3670, 2, 1, 0, 0, 1, 1
4, 3671, 2, 1, 0, 0, 1, 1
4, 3672, 2, 1, 0, 0, 0.999733333333333, 1
4, 3673, 2, 1, 0, 0, 1, 1
4, 3674, 2, 1, 0, 0, 1, 1
4, 3675, 2, 1, 0, 0, 1, 1
4, 3676, 2, 1, 0, 0, 1, 1
4, 3677, 2, 1, 0, 0, 1, 1
4, 3678, 2, 1, 0, 0, 1, 1
4, 3679, 2, 1, 0, 0, 1, 1
4, 3680, 2, 1, 0, 0, 1, 1
4, 3681, 2, 1, 0, 0, 1, 1
4, 3682, 2, 1, 0, 0, 1, 1
4, 3683, 2, 1, 0, 0, 1, 1
4, 3684, 2, 1, 0, 0, 1, 1
4, 3685, 2, 1, 0, 0, 0.997866666666667, 1
4, 3686, 2, 1, 0, 0, 1, 1
4, 3687, 2, 1, 0, 0, 1, 1
4, 3688, 2, 1, 0, 0, 1, 1
4, 3689, 2, 1, 0, 0, 1, 1
4, 3690, 2, 1, 0, 0, 1, 1
4, 3691, 2, 1, 0, 0, 1, 1
4, 3692, 2, 1, 0, 0, 1, 1
4, 3693, 2, 1, 0, 0, 1, 1
4, 3694, 2, 1, 0, 0, 1, 1
4, 3695, 2, 1, 0, 0, 1, 1
4, 3696, 2, 1, 0, 0, 1, 1
4, 3697, 2, 1, 0, 0, 1, 1
4, 3698, 2, 1, 0, 0, 1, 1
4, 3699, 2, 1, 0, 0, 1, 1
4, 3700, 2, 1, 0, 0, 1, 1
4, 3701, 2, 1, 0, 0, 1, 1
4, 3702, 2, 1, 0, 0, 1, 1
4, 3703, 2, 1, 0, 0, 1, 1
4, 3704, 2, 1, 0, 0, 1, 1
4, 3705, 2, 1, 0, 0, 1, 1
4, 3706, 2, 1, 0, 0, 1, 1
4, 3707, 2, 1, 0, 0, 1, 1
4, 3708, 2, 1, 0, 0, 1, 1
4, 3709, 2, 1, 0, 0, 1, 1
4, 3710, 2, 1, 0, 0, 1, 1
4, 3711, 2, 1, 0, 0, 1, 1
4, 3712, 2, 1, 0, 0, 1, 1
4, 3713, 2, 1, 0, 0, 1, 1
4, 3714, 2, 1, 0, 0, 1, 1
4, 3715, 2, 1, 0, 0, 1, 1
4, 3716, 2, 1, 0, 0, 1, 1
4, 3717, 2, 1, 0, 0, 1, 1
4, 3718, 2, 1, 0, 0, 1, 1
4, 3719, 2, 1, 0, 0, 1, 1
4, 3720, 2, 1, 0, 0, 1, 1
4, 3721, 2, 1, 0, 0, 1, 1
4, 3722, 2, 1, 0, 0, 1, 1
4, 3723, 2, 1, 0, 0, 1, 1
4, 3724, 2, 1, 0, 0, 1, 1
4, 3725, 2, 1, 0, 0, 1, 1
4, 3726, 2, 1, 0, 0, 1, 1
4, 3727, 2, 1, 0, 0, 1, 1
4, 3728, 2, 1, 0, 0, 1, 1
4, 3729, 2, 1, 0, 0, 1, 1
4, 3730, 2, 1, 0, 0, 1, 1
4, 3731, 2, 1, 0, 0, 1, 1
4, 3732, 2, 1, 0, 0, 1, 1
4, 3733, 2, 1, 0, 0, 1, 1
4, 3734, 2, 1, 0, 0, 1, 1
4, 3735, 2, 1, 0, 0, 1, 1
4, 3736, 2, 1, 0, 0, 1, 1
4, 3737, 2, 1, 0, 0, 1, 1
4, 3738, 2, 1, 0, 0, 1, 1
4, 3739, 2, 1, 0, 0, 1, 1
4, 3740, 2, 1, 0, 0, 1, 1
4, 3741, 2, 1, 0, 0, 1, 1
4, 3742, 2, 1, 0, 0, 1, 1
4, 3743, 2, 1, 0, 0, 1, 1
4, 3744, 2, 1, 0, 0, 1, 1
4, 3745, 2, 1, 0, 0, 1, 1
4, 3746, 2, 1, 0, 0, 1, 1
4, 3747, 2, 1, 0, 0, 1, 1
4, 3748, 2, 1, 0, 0, 1, 1
4, 3749, 2, 1, 0, 0, 1, 1
4, 3750, 2, 1, 0, 0, 1, 1
4, 3751, 2, 1, 0, 0, 1, 1
4, 3752, 2, 1, 0, 0, 1, 1
4, 3753, 2, 1, 0, 0, 1, 1
4, 3754, 2, 1, 0, 0, 1, 1
4, 3755, 2, 1, 0, 0, 1, 1
4, 3756, 2, 1, 0, 0, 1, 1
4, 3757, 2, 1, 0, 0, 1, 1
4, 3758, 2, 1, 0, 0, 1, 1
4, 3759, 2, 1, 0, 0, 1, 1
4, 3760, 2, 1, 0, 0, 1, 1
4, 3761, 2, 1, 0, 0, 1, 1
4, 3762, 2, 1, 0, 0, 1, 1
4, 3763, 2, 1, 0, 0, 1, 1
4, 3764, 2, 1, 0, 0, 1, 1
4, 3765, 2, 1, 0, 0, 1, 1
4, 3766, 2, 1, 0, 0, 1, 1
4, 3767, 2, 1, 0, 0, 1, 1
4, 3768, 2, 1, 0, 0, 1, 1
4, 3769, 2, 1, 0, 0, 1, 1
4, 3770, 2, 1, 0, 0, 1, 1
4, 3771, 2, 1, 0, 0, 1, 1
4, 3772, 2, 1, 0, 0, 1, 1
4, 3773, 2, 1, 0, 0, 1, 1
4, 3774, 2, 1, 0, 0, 1, 1
4, 3775, 2, 1, 0, 0, 1, 1
4, 3776, 2, 1, 0, 0, 1, 1
4, 3777, 2, 1, 0, 0, 1, 1
4, 3778, 2, 1, 0, 0, 1, 1
4, 3779, 2, 1, 0, 0, 1, 1
4, 3780, 2, 1, 0, 0, 1, 1
4, 3781, 2, 1, 0, 0, 1, 1
4, 3782, 2, 1, 0, 0, 1, 1
4, 3783, 2, 1, 0, 0, 1, 1
4, 3784, 2, 1, 0, 0, 1, 1
4, 3785, 2, 1, 0, 0, 1, 1
4, 3786, 2, 1, 0, 0, 1, 1
4, 3787, 2, 1, 0, 0, 1, 1
4, 3788, 2, 1, 0, 0, 1, 1
4, 3789, 2, 1, 0, 0, 1, 1
4, 3790, 2, 1, 0, 0, 1, 1
4, 3791, 2, 1, 0, 0, 1, 1
4, 3792, 2, 1, 0, 0, 1, 1
4, 3793, 2, 1, 0, 0, 1, 1
4, 3794, 2, 1, 0, 0, 1, 1
4, 3795, 2, 1, 0, 0, 1, 1
4, 3796, 2, 1, 0, 0, 1, 1
4, 3797, 2, 1, 0, 0, 1, 1
4, 3798, 2, 1, 0, 0, 1, 1
4, 3799, 2, 1, 0, 0, 1, 1
4, 3800, 2, 1, 0, 0, 1, 1
4, 3801, 2, 1, 0, 0, 1, 1
4, 3802, 2, 1, 0, 0, 0.999866666666667, 1
4, 3803, 2, 1, 0, 0, 1, 1
4, 3804, 2, 1, 0, 0, 1, 1
4, 3805, 2, 1, 0, 0, 1, 1
4, 3806, 2, 1, 0, 0, 1, 1
4, 3807, 2, 1, 0, 0, 1, 1
4, 3808, 2, 1, 0, 0, 1, 1
4, 3809, 2, 1, 0, 0, 1, 1
4, 3810, 2, 1, 0, 0, 1, 1
4, 3811, 2, 1, 0, 0, 1, 1
4, 3812, 2, 1, 0, 0, 1, 1
4, 3813, 2, 1, 0, 0, 0.998933333333333, 1
4, 3814, 2, 1, 0, 0, 1, 1
4, 3815, 2, 1, 0, 0, 1, 1
4, 3816, 2, 1, 0, 0, 1, 1
4, 3817, 2, 1, 0, 0, 1, 1
4, 3818, 2, 1, 0, 0, 1, 1
4, 3819, 2, 1, 0, 0, 1, 1
4, 3820, 2, 1, 0, 0, 1, 1
4, 3821, 2, 1, 0, 0, 1, 1
4, 3822, 2, 1, 0, 0, 1, 1
4, 3823, 2, 1, 0, 0, 1, 1
4, 3824, 2, 1, 0, 0, 1, 1
4, 3825, 2, 1, 0, 0, 1, 1
4, 3826, 2, 1, 0, 0, 1, 1
4, 3827, 2, 1, 0, 0, 1, 1
4, 3828, 2, 1, 0, 0, 1, 1
4, 3829, 2, 1, 0, 0, 1, 1
4, 3830, 2, 1, 0, 0, 1, 1
4, 3831, 2, 1, 0, 0, 1, 1
4, 3832, 2, 1, 0, 0, 1, 1
4, 3833, 2, 1, 0, 0, 1, 1
4, 3834, 2, 1, 0, 0, 1, 1
4, 3835, 2, 1, 0, 0, 1, 1
4, 3836, 2, 1, 0, 0, 1, 1
4, 3837, 2, 1, 0, 0, 1, 1
4, 3838, 2, 1, 0, 0, 1, 1
4, 3839, 2, 1, 0, 0, 1, 1
4, 3840, 2, 1, 0, 0, 1, 1
4, 3841, 2, 1, 0, 0, 1, 1
4, 3842, 2, 1, 0, 0, 1, 1
4, 3843, 2, 1, 0, 0, 1, 1
4, 3844, 2, 1, 0, 0, 1, 1
4, 3845, 2, 1, 0, 0, 1, 1
4, 3846, 2, 1, 0, 0, 1, 1
4, 3847, 2, 1, 0, 0, 1, 1
4, 3848, 2, 1, 0, 0, 1, 1
4, 3849, 2, 1, 0, 0, 1, 1
4, 3850, 2, 1, 0, 0, 1, 1
4, 3851, 2, 1, 0, 0, 1, 1
4, 3852, 2, 1, 0, 0, 1, 1
4, 3853, 2, 1, 0, 0, 1, 1
4, 3854, 2, 1, 0, 0, 1, 1
4, 3855, 2, 1, 0, 0, 1, 1
4, 3856, 2, 1, 0, 0, 1, 1
4, 3857, 2, 1, 0, 0, 1, 1
4, 3858, 2, 1, 0, 0, 1, 1
4, 3859, 2, 1, 0, 0, 1, 1
4, 3860, 2, 1, 0, 0, 1, 1
4, 3861, 2, 1, 0, 0, 1, 1
4, 3862, 2, 1, 0, 0, 1, 1
4, 3863, 2, 1, 0, 0, 1, 1
4, 3864, 2, 1, 0, 0, 1, 1
4, 3865, 2, 1, 0, 0, 1, 1
4, 3866, 2, 1, 0, 0, 1, 1
4, 3867, 2, 1, 0, 0, 1, 1
4, 3868, 2, 1, 0, 0, 1, 1
4, 3869, 2, 1, 0, 0, 1, 1
4, 3870, 2, 1, 0, 0, 1, 1
4, 3871, 2, 1, 0, 0, 1, 1
4, 3872, 2, 1, 0, 0, 1, 1
4, 3873, 2, 1, 0, 0, 1, 1
4, 3874, 2, 1, 0, 0, 1, 1
4, 3875, 2, 1, 0, 0, 1, 1
4, 3876, 2, 1, 0, 0, 1, 1
4, 3877, 2, 1, 0, 0, 1, 1
4, 3878, 2, 1, 0, 0, 1, 1
4, 3879, 2, 1, 0, 0, 1, 1
4, 3880, 2, 1, 0, 0, 1, 1
4, 3881, 2, 1, 0, 0, 1, 1
4, 3882, 2, 1, 0, 0, 1, 1
4, 3883, 2, 1, 0, 0, 1, 1
4, 3884, 2, 1, 0, 0, 1, 1
4, 3885, 2, 1, 0, 0, 1, 1
4, 3886, 2, 1, 0, 0, 1, 1
4, 3887, 2, 1, 0, 0, 1, 1
4, 3888, 2, 1, 0, 0, 1, 1
4, 3889, 2, 1, 0, 0, 1, 1
4, 3890, 2, 1, 0, 0, 1, 1
4, 3891, 2, 1, 0, 0, 1, 1
4, 3892, 2, 1, 0, 0, 1, 1
4, 3893, 2, 1, 0, 0, 1, 1
4, 3894, 2, 1, 0, 0, 1, 1
4, 3895, 2, 1, 0, 0, 1, 1
4, 3896, 2, 1, 0, 0, 1, 1
4, 3897, 2, 1, 0, 0, 1, 1
4, 3898, 2, 1, 0, 0, 1, 1
4, 3899, 2, 1, 0, 0, 1, 1
4, 3900, 2, 1, 0, 0, 1, 1
4, 3901, 2, 1, 0, 0, 1, 1
4, 3902, 2, 1, 0, 0, 1, 1
4, 3903, 2, 1, 0, 0, 1, 1
4, 3904, 2, 1, 0, 0, 1, 1
4, 3905, 2, 1, 0, 0, 1, 1
4, 3906, 2, 1, 0, 0, 1, 1
4, 3907, 2, 1, 0, 0, 1, 1
4, 3908, 2, 1, 0, 0, 1, 1
4, 3909, 2, 1, 0, 0, 1, 1
4, 3910, 2, 1, 0, 0, 1, 1
4, 3911, 2, 1, 0, 0, 1, 1
4, 3912, 2, 1, 0, 0, 1, 1
4, 3913, 2, 1, 0, 0, 1, 1
4, 3914, 2, 1, 0, 0, 1, 1
4, 3915, 2, 1, 0, 0, 1, 1
4, 3916, 2, 1, 0, 0, 1, 1
4, 3917, 2, 1, 0, 0, 1, 1
4, 3918, 2, 1, 0, 0, 1, 1
4, 3919, 2, 1, 0, 0, 1, 1
4, 3920, 2, 1, 0, 0, 1, 1
4, 3921, 2, 1, 0, 0, 1, 1
4, 3922, 2, 1, 0, 0, 1, 1
4, 3923, 2, 1, 0, 0, 1, 1
4, 3924, 2, 1, 0, 0, 1, 1
4, 3925, 2, 1, 0, 0, 1, 1
4, 3926, 2, 1, 0, 0, 1, 1
4, 3927, 2, 1, 0, 0, 1, 1
4, 3928, 2, 1, 0, 0, 1, 1
4, 3929, 2, 1, 0, 0, 1, 1
4, 3930, 2, 1, 0, 0, 1, 1
4, 3931, 2, 1, 0, 0, 1, 1
4, 3932, 2, 1, 0, 0, 1, 1
4, 3933, 2, 1, 0, 0, 1, 1
4, 3934, 2, 1, 0, 0, 1, 1
4, 3935, 2, 1, 0, 0, 1, 1
4, 3936, 2, 1, 0, 0, 1, 1
4, 3937, 2, 1, 0, 0, 1, 1
4, 3938, 2, 1, 0, 0, 1, 1
4, 3939, 2, 1, 0, 0, 1, 1
4, 3940, 2, 1, 0, 0, 1, 1
4, 3941, 2, 1, 0, 0, 1, 1
4, 3942, 2, 1, 0, 0, 1, 1
4, 3943, 2, 1, 0, 0, 1, 1
4, 3944, 2, 1, 0, 0, 1, 1
4, 3945, 2, 1, 0, 0, 1, 1
4, 3946, 2, 1, 0, 0, 1, 1
4, 3947, 2, 1, 0, 0, 1, 1
4, 3948, 2, 1, 0, 0, 1, 1
4, 3949, 2, 1, 0, 0, 1, 1
4, 3950, 2, 1, 0, 0, 1, 1
4, 3951, 2, 1, 0, 0, 1, 1
4, 3952, 2, 1, 0, 0, 1, 1
4, 3953, 2, 1, 0, 0, 1, 1
4, 3954, 2, 1, 0, 0, 1, 1
4, 3955, 2, 1, 0, 0, 1, 1
4, 3956, 2, 1, 0, 0, 1, 1
4, 3957, 2, 1, 0, 0, 1, 1
4, 3958, 2, 1, 0, 0, 1, 1
4, 3959, 2, 1, 0, 0, 1, 1
4, 3960, 2, 1, 0, 0, 1, 1
4, 3961, 2, 1, 0, 0, 1, 1
4, 3962, 2, 1, 0, 0, 1, 1
4, 3963, 2, 1, 0, 0, 1, 1
4, 3964, 2, 1, 0, 0, 1, 1
4, 3965, 2, 1, 0, 0, 1, 1
4, 3966, 2, 1, 0, 0, 1, 1
4, 3967, 2, 1, 0, 0, 1, 1
4, 3968, 2, 1, 0, 0, 1, 1
4, 3969, 2, 1, 0, 0, 1, 1
4, 3970, 2, 1, 0, 0, 1, 1
4, 3971, 2, 1, 0, 0, 1, 1
4, 3972, 2, 1, 0, 0, 1, 1
4, 3973, 2, 1, 0, 0, 1, 1
4, 3974, 2, 1, 0, 0, 1, 1
4, 3975, 2, 1, 0, 0, 1, 1
4, 3976, 2, 1, 0, 0, 1, 1
4, 3977, 2, 1, 0, 0, 1, 1
4, 3978, 2, 1, 0, 0, 1, 1
4, 3979, 2, 1, 0, 0, 1, 1
4, 3980, 2, 1, 0, 0, 1, 1
4, 3981, 2, 1, 0, 0, 1, 1
4, 3982, 2, 1, 0, 0, 1, 1
4, 3983, 2, 1, 0, 0, 1, 1
4, 3984, 2, 1, 0, 0, 1, 1
4, 3985, 2, 1, 0, 0, 1, 1
4, 3986, 2, 1, 0, 0, 1, 1
4, 3987, 2, 1, 0, 0, 1, 1
4, 3988, 2, 1, 0, 0, 1, 1
4, 3989, 2, 1, 0, 0, 1, 1
4, 3990, 2, 1, 0, 0, 1, 1
4, 3991, 2, 1, 0, 0, 1, 1
4, 3992, 2, 1, 0, 0, 1, 1
4, 3993, 2, 1, 0, 0, 1, 1
4, 3994, 2, 1, 0, 0, 1, 1
4, 3995, 2, 1, 0, 0, 1, 1
4, 3996, 2, 1, 0, 0, 1, 1
4, 3997, 2, 1, 0, 0, 1, 1
4, 3998, 2, 1, 0, 0, 1, 1
4, 3999, 2, 1, 0, 0, 1, 1
4, 4000, 2, 1, 0, 0, 1, 1
4, 4001, 2, 0, 0, 1, 0.7636, 1
4, 4002, 2, 0, 0, 1, 0.068, 1
4, 4003, 2, 0, 0, 1, 0.643466666666667, 1
4, 4004, 2, 0, 0, 1, 0.441733333333333, 1
4, 4005, 2, 0, 0, 1, 0.553333333333333, 1
4, 4006, 2, 0, 0, 1, 0.3812, 1
4, 4007, 2, 0, 1, 0, 0.0236, 1
4, 4008, 2, 0, 0, 1, 0.163466666666667, 1
4, 4009, 2, 0, 0, 1, 0.4792, 1
4, 4010, 2, 0, 0, 1, 0.791866666666667, 1
4, 4011, 2, 0, 0, 1, 0.413066666666667, 1
4, 4012, 2, 0, 0, 1, 0.776933333333333, 1
4, 4013, 2, 0, 0, 1, 0.708666666666667, 1
4, 4014, 2, 0, 0, 1, 0.899066666666667, 1
4, 4015, 2, 0, 0, 1, 0.588666666666667, 1
4, 4016, 2, 0, 0, 1, 0.453466666666667, 1
4, 4017, 2, 0, 1, 0, 0.0162666666666667, 1
4, 4018, 2, 0, 0, 1, 0.5204, 1
4, 4019, 2, 0, 0, 1, 0.4608, 1
4, 4020, 2, 0, 0, 1, 0.3724, 1
4, 4021, 2, 0, 0, 1, 0.7664, 1
4, 4022, 2, 0, 0, 1, 0.137066666666667, 1
4, 4023, 2, 0, 0, 1, 0.974533333333333, 1
4, 4024, 2, 0, 0, 1, 0.723333333333333, 1
4, 4025, 2, 0, 1, 0, 0.0442666666666667, 1
4, 4026, 2, 0, 0, 1, 0.3508, 1
4, 4027, 2, 0, 0, 1, 0.1516, 1
4, 4028, 2, 0, 0, 1, 0.684533333333333, 1
4, 4029, 2, 0, 0, 1, 0.6136, 1
4, 4030, 2, 0, 0, 1, 0.8484, 1
4, 4031, 2, 0, 1, 0, 0.016, 1
4, 4032, 2, 0, 0, 1, 0.301466666666667, 1
4, 4033, 2, 0, 0, 1, 0.848, 1
4, 4034, 2, 0, 0, 1, 0.409333333333333, 1
4, 4035, 2, 0, 0, 1, 0.5788, 1
4, 4036, 2, 0, 0, 1, 0.0864, 1
4, 4037, 2, 0, 0, 1, 0.897866666666667, 1
4, 4038, 2, 0, 0, 1, 0.444933333333333, 1
4, 4039, 2, 0, 0, 1, 0.386133333333333, 1
4, 4040, 2, 0, 0, 1, 0.0786666666666667, 1
4, 4041, 2, 0, 0, 1, 0.794133333333333, 1
4, 4042, 2, 0, 1, 0, 0.0442666666666667, 1
4, 4043, 2, 0, 0, 1, 0.551733333333333, 1
4, 4044, 2, 0, 0, 1, 0.877733333333333, 1
4, 4045, 2, 0, 0, 1, 0.752266666666667, 1
4, 4046, 2, 0, 0, 1, 0.778666666666667, 1
4, 4047, 2, 0, 0, 1, 0.0684, 1
4, 4048, 2, 0, 0, 1, 0.1996, 1
4, 4049, 2, 0, 0, 1, 0.0732, 1
4, 4050, 2, 0, 0, 1, 0.363466666666667, 1
4, 4051, 2, 0, 0, 1, 0.9112, 1
4, 4052, 2, 0, 0, 1, 0.543466666666667, 1
4, 4053, 2, 0, 0, 1, 0.114266666666667, 1
4, 4054, 2, 0, 0, 1, 0.250266666666667, 1
4, 4055, 2, 0, 0, 1, 0.4568, 1
4, 4056, 2, 0, 0, 1, 0.6964, 1
4, 4057, 2, 0, 0, 1, 0.790266666666667, 1
4, 4058, 2, 0, 0, 1, 0.375733333333333, 1
4, 4059, 2, 0, 0, 1, 0.963733333333333, 1
4, 4060, 2, 0, 0, 1, 0.23, 1
4, 4061, 2, 0, 0, 1, 0.348266666666667, 1
4, 4062, 2, 0, 0, 1, 0.4764, 1
4, 4063, 2, 0, 0, 1, 0.6164, 1
4, 4064, 2, 0, 0, 1, 0.346266666666667, 1
4, 4065, 2, 0, 1, 0, 0.0470666666666667, 1
4, 4066, 2, 0, 0, 1, 0.214, 1
4, 4067, 2, 0, 0, 1, 0.9624, 1
4, 4068, 2, 0, 0, 1, 0.3196, 1
4, 4069, 2, 0, 0, 1, 0.322133333333333, 1
4, 4070, 2, 0, 0, 1, 0.88, 1
4, 4071, 2, 0, 0, 1, 0.2896, 1
4, 4072, 2, 0, 1, 0, 0.0426666666666667, 1
4, 4073, 2, 0, 0, 1, 0.7384, 1
4, 4074, 2, 0, 0, 1, 0.0550666666666667, 1
4, 4075, 2, 0, 0, 1, 0.214266666666667, 1
4, 4076, 2, 0, 0, 1, 0.5568, 1
4, 4077, 2, 0, 0, 1, 0.555066666666667, 1
4, 4078, 2, 0, 1, 0, 0.0290666666666667, 1
4, 4079, 2, 0, 0, 1, 0.576266666666667, 1
4, 4080, 2, 0, 1, 0, 0.014, 1
4, 4081, 2, 0, 0, 1, 0.187866666666667, 1
4, 4082, 2, 0, 0, 1, 0.254133333333333, 1
4, 4083, 2, 0, 0, 1, 0.886933333333333, 1
4, 4084, 2, 0, 0, 1, 0.214, 1
4, 4085, 2, 0, 0, 1, 0.544133333333333, 1
4, 4086, 2, 0, 0, 1, 0.9748, 1
4, 4087, 2, 0, 0, 1, 0.266, 1
4, 4088, 2, 0, 0, 1, 0.791333333333333, 1
4, 4089, 2, 0, 0, 1, 0.3464, 1
4, 4090, 2, 0, 0, 1, 0.736666666666667, 1
4, 4091, 2, 0, 0, 1, 0.2988, 1
4, 4092, 2, 0, 0, 1, 0.355333333333333, 1
4, 4093, 2, 0, 1, 0, 0.00853333333333333, 1
4, 4094, 2, 0, 0, 1, 0.8184, 1
4, 4095, 2, 0, 0, 1, 0.328, 1
4, 4096, 2, 0, 0, 1, 0.560266666666667, 1
4, 4097, 2, 0, 0, 1, 0.2324, 1
4, 4098, 2, 0, 0, 1, 0.862666666666667, 1
4, 4099, 2, 0, 0, 1, 0.693866666666667, 1
4, 4100, 2, 0, 0, 1, 0.0852, 1
4, 4101, 2, 0, 0, 1, 0.109733333333333, 1
4, 4102, 2, 0, 0, 1, 0.915466666666667, 1
4, 4103, 2, 0, 0, 1, 0.405066666666667, 1
4, 4104, 2, 0, 1, 0, 0.012, 1
4, 4105, 2, 0, 0, 1, 0.8568, 1
4, 4106, 2, 0, 0, 1, 0.850266666666667, 1
4, 4107, 2, 0, 0, 1, 0.470133333333333, 1
4, 4108, 2, 0, 0, 1, 0.464933333333333, 1
4, 4109, 2, 0, 0, 1, 0.764133333333333, 1
4, 4110, 2, 0, 0, 1, 0.214533333333333, 1
4, 4111, 2, 0, 0, 1, 0.746133333333333, 1
4, 4112, 2, 0, 0, 1, 0.8016, 1
4, 4113, 2, 0, 0, 1, 0.2056, 1
4, 4114, 2, 0, 0, 1, 0.717866666666667, 1
4, 4115, 2, 0, 0, 1, 0.388933333333333, 1
4, 4116, 2, 0, 0, 1, 0.443866666666667, 1
4, 4117, 2, 0, 0, 1, 0.75, 1
4, 4118, 2, 1, 0, 0, 0.984, 1
4, 4119, 2, 0, 0, 1, 0.279733333333333, 1
4, 4120, 2, 0, 0, 1, 0.971066666666667, 1
4, 4121, 2, 0, 0, 1, 0.698933333333333, 1
4, 4122, 2, 0, 0, 1, 0.461333333333333, 1
4, 4123, 2, 0, 0, 1, 0.2308, 1
4, 4124, 2, 0, 0, 1, 0.892266666666667, 1
4, 4125, 2, 0, 0, 1, 0.265333333333333, 1
4, 4126, 2, 0, 0, 1, 0.501466666666667, 1
4, 4127, 2, 0, 0, 1, 0.638266666666667, 1
4, 4128, 2, 0, 0, 1, 0.0517333333333333, 1
4, 4129, 2, 0, 0, 1, 0.609733333333333, 1
4, 4130, 2, 0, 0, 1, 0.562666666666667, 1
4, 4131, 2, 0, 0, 1, 0.505466666666667, 1
4, 4132, 2, 0, 0, 1, 0.469066666666667, 1
4, 4133, 2, 0, 0, 1, 0.4072, 1
4, 4134, 2, 0, 0, 1, 0.5992, 1
4, 4135, 2, 0, 0, 1, 0.507866666666667, 1
4, 4136, 2, 0, 1, 0, 0.0032, 1
4, 4137, 2, 0, 0, 1, 0.188133333333333, 1
4, 4138, 2, 0, 0, 1, 0.887333333333333, 1
4, 4139, 2, 0, 0, 1, 0.260933333333333, 1
4, 4140, 2, 0, 1, 0, 0.0368, 1
4, 4141, 2, 0, 0, 1, 0.827866666666667, 1
4, 4142, 2, 0, 0, 1, 0.0532, 1
4, 4143, 2, 0, 0, 1, 0.6192, 1
4, 4144, 2, 0, 0, 1, 0.371733333333333, 1
4, 4145, 2, 0, 0, 1, 0.3796, 1
4, 4146, 2, 0, 0, 1, 0.1344, 1
4, 4147, 2, 0, 0, 1, 0.855733333333333, 1
4, 4148, 2, 1, 0, 0, 1, 1
4, 4149, 2, 0, 0, 1, 0.917866666666667, 1
4, 4150, 2, 0, 0, 1, 0.1132, 1
4, 4151, 2, 0, 0, 1, 0.966933333333333, 1
4, 4152, 2, 0, 1, 0, 0.0141333333333333, 1
4, 4153, 2, 0, 0, 1, 0.431866666666667, 1
4, 4154, 2, 0, 0, 1, 0.132, 1
4, 4155, 2, 0, 0, 1, 0.679333333333333, 1
4, 4156, 2, 0, 0, 1, 0.3748, 1
4, 4157, 2, 0, 0, 1, 0.655866666666667, 1
4, 4158, 2, 0, 0, 1, 0.302, 1
4, 4159, 2, 0, 0, 1, 0.8944, 1
4, 4160, 2, 0, 0, 1, 0.248533333333333, 1
4, 4161, 2, 0, 0, 1, 0.4892, 1
4, 4162, 2, 0, 0, 1, 0.403466666666667, 1
4, 4163, 2, 0, 0, 1, 0.709466666666667, 1
4, 4164, 2, 0, 0, 1, 0.902533333333333, 1
4, 4165, 2, 0, 0, 1, 0.844133333333333, 1
4, 4166, 2, 0, 1, 0, 0.016, 1
4, 4167, 2, 0, 0, 1, 0.535333333333333, 1
4, 4168, 2, 0, 0, 1, 0.1428, 1
4, 4169, 2, 0, 0, 1, 0.222, 1
4, 4170, 2, 0, 0, 1, 0.673466666666667, 1
4, 4171, 2, 0, 0, 1, 0.2056, 1
4, 4172, 2, 0, 0, 1, 0.743866666666667, 1
4, 4173, 2, 0, 0, 1, 0.687466666666667, 1
4, 4174, 2, 0, 0, 1, 0.9304, 1
4, 4175, 2, 0, 0, 1, 0.297333333333333, 1
4, 4176, 2, 0, 0, 1, 0.524666666666667, 1
4, 4177, 2, 0, 0, 1, 0.872133333333333, 1
4, 4178, 2, 0, 0, 1, 0.892133333333333, 1
4, 4179, 2, 0, 0, 1, 0.295733333333333, 1
4, 4180, 2, 0, 0, 1, 0.232133333333333, 1
4, 4181, 2, 0, 0, 1, 0.183466666666667, 1
4, 4182, 2, 0, 0, 1, 0.210533333333333, 1
4, 4183, 2, 0, 0, 1, 0.363466666666667, 1
4, 4184, 2, 0, 0, 1, 0.4136, 1
4, 4185, 2, 0, 0, 1, 0.269733333333333, 1
4, 4186, 2, 0, 0, 1, 0.618, 1
4, 4187, 2, 0, 0, 1, 0.159866666666667, 1
4, 4188, 2, 0, 0, 1, 0.849066666666667, 1
4, 4189, 2, 0, 0, 1, 0.610666666666667, 1
4, 4190, 2, 0, 0, 1, 0.430666666666667, 1
4, 4191, 2, 0, 0, 1, 0.631333333333333, 1
4, 4192, 2, 0, 0, 1, 0.656533333333333, 1
4, 4193, 2, 0, 0, 1, 0.1584, 1
4, 4194, 2, 0, 0, 1, 0.490266666666667, 1
4, 4195, 2, 0, 0, 1, 0.536133333333333, 1
4, 4196, 2, 0, 0, 1, 0.1412, 1
4, 4197, 2, 0, 0, 1, 0.204666666666667, 1
4, 4198, 2, 0, 0, 1, 0.717333333333333, 1
4, 4199, 2, 0, 1, 0, 0.00346666666666667, 1
4, 4200, 2, 0, 0, 1, 0.721866666666667, 1
4, 4201, 2, 0, 0, 1, 0.788, 1
4, 4202, 2, 0, 0, 1, 0.781066666666667, 1
4, 4203, 2, 0, 0, 1, 0.693333333333333, 1
4, 4204, 2, 0, 0, 1, 0.444266666666667, 1
4, 4205, 2, 1, 0, 0, 0.985866666666667, 1
4, 4206, 2, 0, 0, 1, 0.174, 1
4, 4207, 2, 0, 0, 1, 0.1272, 1
4, 4208, 2, 0, 0, 1, 0.593733333333333, 1
4, 4209, 2, 0, 0, 1, 0.953466666666667, 1
4, 4210, 2, 0, 1, 0, 0.0136, 1
4, 4211, 2, 0, 0, 1, 0.672666666666667, 1
4, 4212, 2, 0, 0, 1, 0.363066666666667, 1
4, 4213, 2, 0, 0, 1, 0.898133333333333, 1
4, 4214, 2, 0, 0, 1, 0.78, 1
4, 4215, 2, 0, 0, 1, 0.863466666666667, 1
4, 4216, 2, 0, 0, 1, 0.811866666666667, 1
4, 4217, 2, 0, 0, 1, 0.886933333333333, 1
4, 4218, 2, 0, 0, 1, 0.9328, 1
4, 4219, 2, 0, 0, 1, 0.818, 1
4, 4220, 2, 0, 0, 1, 0.0664, 1
4, 4221, 2, 0, 0, 1, 0.463066666666667, 1
4, 4222, 2, 0, 0, 1, 0.3696, 1
4, 4223, 2, 0, 0, 1, 0.452933333333333, 1
4, 4224, 2, 0, 0, 1, 0.9396, 1
4, 4225, 2, 0, 0, 1, 0.589466666666667, 1
4, 4226, 2, 0, 0, 1, 0.627866666666667, 1
4, 4227, 2, 0, 0, 1, 0.702533333333333, 1
4, 4228, 2, 0, 0, 1, 0.3808, 1
4, 4229, 2, 0, 0, 1, 0.6384, 1
4, 4230, 2, 0, 0, 1, 0.473466666666667, 1
4, 4231, 2, 0, 0, 1, 0.215333333333333, 1
4, 4232, 2, 0, 0, 1, 0.1532, 1
4, 4233, 2, 0, 0, 1, 0.907733333333333, 1
4, 4234, 2, 0, 0, 1, 0.565866666666667, 1
4, 4235, 2, 0, 0, 1, 0.175333333333333, 1
4, 4236, 2, 0, 0, 1, 0.445466666666667, 1
4, 4237, 2, 0, 0, 1, 0.162266666666667, 1
4, 4238, 2, 0, 0, 1, 0.8332, 1
4, 4239, 2, 0, 0, 1, 0.861866666666667, 1
4, 4240, 2, 0, 0, 1, 0.196133333333333, 1
4, 4241, 2, 0, 0, 1, 0.5012, 1
4, 4242, 2, 0, 0, 1, 0.8736, 1
4, 4243, 2, 0, 0, 1, 0.917466666666667, 1
4, 4244, 2, 0, 0, 1, 0.5152, 1
4, 4245, 2, 0, 0, 1, 0.9728, 1
4, 4246, 2, 0, 0, 1, 0.2928, 1
4, 4247, 2, 0, 0, 1, 0.211466666666667, 1
4, 4248, 2, 0, 0, 1, 0.441066666666667, 1
4, 4249, 2, 0, 0, 1, 0.8276, 1
4, 4250, 2, 0, 0, 1, 0.3168, 1
4, 4251, 2, 0, 0, 1, 0.7668, 1
4, 4252, 2, 0, 0, 1, 0.161866666666667, 1
4, 4253, 2, 0, 1, 0, 0.0276, 1
4, 4254, 2, 0, 0, 1, 0.282533333333333, 1
4, 4255, 2, 0, 0, 1, 0.583733333333333, 1
4, 4256, 2, 0, 0, 1, 0.54, 1
4, 4257, 2, 0, 0, 1, 0.251066666666667, 1
4, 4258, 2, 0, 0, 1, 0.6612, 1
4, 4259, 2, 0, 0, 1, 0.830133333333333, 1
4, 4260, 2, 0, 0, 1, 0.0808, 1
4, 4261, 2, 0, 0, 1, 0.3324, 1
4, 4262, 2, 0, 0, 1, 0.4876, 1
4, 4263, 2, 0, 0, 1, 0.719066666666667, 1
4, 4264, 2, 0, 1, 0, 0.0182666666666667, 1
4, 4265, 2, 0, 0, 1, 0.7724, 1
4, 4266, 2, 0, 0, 1, 0.548, 1
4, 4267, 2, 1, 0, 0, 0.985866666666667, 1
4, 4268, 2, 0, 0, 1, 0.9096, 1
4, 4269, 2, 0, 1, 0, 0.0138666666666667, 1
4, 4270, 2, 0, 0, 1, 0.1276, 1
4, 4271, 2, 0, 0, 1, 0.563066666666667, 1
4, 4272, 2, 0, 0, 1, 0.122266666666667, 1
4, 4273, 2, 0, 0, 1, 0.356266666666667, 1
4, 4274, 2, 0, 0, 1, 0.701333333333333, 1
4, 4275, 2, 0, 0, 1, 0.536666666666667, 1
4, 4276, 2, 0, 0, 1, 0.5988, 1
4, 4277, 2, 0, 0, 1, 0.3224, 1
4, 4278, 2, 0, 0, 1, 0.547466666666667, 1
4, 4279, 2, 0, 0, 1, 0.601733333333333, 1
4, 4280, 2, 0, 0, 1, 0.153333333333333, 1
4, 4281, 2, 0, 0, 1, 0.91, 1
4, 4282, 2, 0, 0, 1, 0.6784, 1
4, 4283, 2, 1, 0, 0, 0.9764, 1
4, 4284, 2, 0, 0, 1, 0.796266666666667, 1
4, 4285, 2, 0, 0, 1, 0.172, 1
4, 4286, 2, 0, 1, 0, 0.0112, 1
4, 4287, 2, 0, 0, 1, 0.145733333333333, 1
4, 4288, 2, 0, 0, 1, 0.916133333333333, 1
4, 4289, 2, 0, 0, 1, 0.696533333333333, 1
4, 4290, 2, 0, 0, 1, 0.1956, 1
4, 4291, 2, 0, 0, 1, 0.826933333333333, 1
4, 4292, 2, 0, 0, 1, 0.313466666666667, 1
4, 4293, 2, 0, 0, 1, 0.11, 1
4, 4294, 2, 0, 0, 1, 0.9684, 1
4, 4295, 2, 0, 0, 1, 0.187466666666667, 1
4, 4296, 2, 0, 0, 1, 0.3068, 1
4, 4297, 2, 0, 0, 1, 0.0890666666666667, 1
4, 4298, 2, 0, 0, 1, 0.441466666666667, 1
4, 4299, 2, 0, 0, 1, 0.466666666666667, 1
4, 4300, 2, 0, 0, 1, 0.7588, 1
4, 4301, 2, 0, 0, 1, 0.0754666666666667, 1
4, 4302, 2, 0, 0, 1, 0.6884, 1
4, 4303, 2, 0, 0, 1, 0.2376, 1
4, 4304, 2, 0, 0, 1, 0.0565333333333333, 1
4, 4305, 2, 0, 0, 1, 0.268133333333333, 1
4, 4306, 2, 0, 0, 1, 0.4748, 1
4, 4307, 2, 0, 0, 1, 0.624933333333333, 1
4, 4308, 2, 0, 0, 1, 0.655733333333333, 1
4, 4309, 2, 0, 0, 1, 0.700666666666667, 1
4, 4310, 2, 0, 0, 1, 0.367333333333333, 1
4, 4311, 2, 0, 0, 1, 0.723866666666667, 1
4, 4312, 2, 0, 0, 1, 0.4572, 1
4, 4313, 2, 0, 0, 1, 0.172266666666667, 1
4, 4314, 2, 0, 0, 1, 0.465866666666667, 1
4, 4315, 2, 0, 0, 1, 0.64, 1
4, 4316, 2, 0, 0, 1, 0.634933333333333, 1
4, 4317, 2, 0, 0, 1, 0.554266666666667, 1
4, 4318, 2, 0, 0, 1, 0.139066666666667, 1
4, 4319, 2, 0, 0, 1, 0.612933333333333, 1
4, 4320, 2, 0, 0, 1, 0.210666666666667, 1
4, 4321, 2, 0, 0, 1, 0.8332, 1
4, 4322, 2, 0, 0, 1, 0.3264, 1
4, 4323, 2, 0, 0, 1, 0.0610666666666667, 1
4, 4324, 2, 0, 0, 1, 0.797866666666667, 1
4, 4325, 2, 0, 0, 1, 0.774266666666667, 1
4, 4326, 2, 0, 0, 1, 0.568933333333333, 1
4, 4327, 2, 0, 0, 1, 0.2336, 1
4, 4328, 2, 0, 0, 1, 0.308666666666667, 1
4, 4329, 2, 0, 0, 1, 0.0642666666666667, 1
4, 4330, 2, 0, 0, 1, 0.904266666666667, 1
4, 4331, 2, 0, 0, 1, 0.414933333333333, 1
4, 4332, 2, 0, 0, 1, 0.1136, 1
4, 4333, 2, 0, 0, 1, 0.175733333333333, 1
4, 4334, 2, 0, 0, 1, 0.5128, 1
4, 4335, 2, 0, 0, 1, 0.416933333333333, 1
4, 4336, 2, 0, 0, 1, 0.633866666666667, 1
4, 4337, 2, 0, 0, 1, 0.0605333333333333, 1
4, 4338, 2, 0, 0, 1, 0.897333333333333, 1
4, 4339, 2, 0, 0, 1, 0.3864, 1
4, 4340, 2, 0, 0, 1, 0.530133333333333, 1
4, 4341, 2, 0, 0, 1, 0.0588, 1
4, 4342, 2, 0, 0, 1, 0.9496, 1
4, 4343, 2, 0, 0, 1, 0.377466666666667, 1
4, 4344, 2, 0, 0, 1, 0.5016, 1
4, 4345, 2, 0, 0, 1, 0.241866666666667, 1
4, 4346, 2, 0, 0, 1, 0.633333333333333, 1
4, 4347, 2, 0, 0, 1, 0.819866666666667, 1
4, 4348, 2, 0, 0, 1, 0.780533333333333, 1
4, 4349, 2, 0, 0, 1, 0.126266666666667, 1
4, 4350, 2, 0, 0, 1, 0.691066666666667, 1
4, 4351, 2, 0, 0, 1, 0.1992, 1
4, 4352, 2, 0, 0, 1, 0.159066666666667, 1
4, 4353, 2, 0, 0, 1, 0.834933333333333, 1
4, 4354, 2, 0, 0, 1, 0.534533333333333, 1
4, 4355, 2, 0, 0, 1, 0.624666666666667, 1
4, 4356, 2, 0, 0, 1, 0.252133333333333, 1
4, 4357, 2, 0, 0, 1, 0.524266666666667, 1
4, 4358, 2, 0, 0, 1, 0.782, 1
4, 4359, 2, 0, 1, 0, 0.0364, 1
4, 4360, 2, 0, 0, 1, 0.966933333333333, 1
4, 4361, 2, 0, 0, 1, 0.500666666666667, 1
4, 4362, 2, 0, 0, 1, 0.596, 1
4, 4363, 2, 0, 0, 1, 0.0652, 1
4, 4364, 2, 0, 0, 1, 0.707866666666667, 1
4, 4365, 2, 0, 0, 1, 0.114533333333333, 1
4, 4366, 2, 0, 0, 1, 0.698666666666667, 1
4, 4367, 2, 0, 0, 1, 0.386266666666667, 1
4, 4368, 2, 0, 0, 1, 0.787066666666667, 1
4, 4369, 2, 0, 0, 1, 0.183466666666667, 1
4, 4370, 2, 0, 0, 1, 0.481066666666667, 1
4, 4371, 2, 0, 0, 1, 0.4536, 1
4, 4372, 2, 0, 0, 1, 0.175466666666667, 1
4, 4373, 2, 0, 0, 1, 0.892133333333333, 1
4, 4374, 2, 0, 0, 1, 0.704, 1
4, 4375, 2, 0, 0, 1, 0.488133333333333, 1
4, 4376, 2, 0, 0, 1, 0.3556, 1
4, 4377, 2, 0, 0, 1, 0.664933333333333, 1
4, 4378, 2, 0, 0, 1, 0.0525333333333333, 1
4, 4379, 2, 0, 0, 1, 0.574266666666667, 1
4, 4380, 2, 0, 0, 1, 0.454, 1
4, 4381, 2, 0, 0, 1, 0.953333333333333, 1
4, 4382, 2, 0, 0, 1, 0.505466666666667, 1
4, 4383, 2, 1, 0, 0, 0.980133333333333, 1
4, 4384, 2, 0, 0, 1, 0.1352, 1
4, 4385, 2, 0, 0, 1, 0.687466666666667, 1
4, 4386, 2, 0, 0, 1, 0.2868, 1
4, 4387, 2, 0, 0, 1, 0.612133333333333, 1
4, 4388, 2, 0, 0, 1, 0.62, 1
4, 4389, 2, 0, 0, 1, 0.298666666666667, 1
4, 4390, 2, 0, 0, 1, 0.428266666666667, 1
4, 4391, 2, 0, 0, 1, 0.271866666666667, 1
4, 4392, 2, 0, 0, 1, 0.0868, 1
4, 4393, 2, 0, 0, 1, 0.465866666666667, 1
4, 4394, 2, 0, 0, 1, 0.879866666666667, 1
4, 4395, 2, 0, 0, 1, 0.531333333333333, 1
4, 4396, 2, 0, 0, 1, 0.1584, 1
4, 4397, 2, 0, 0, 1, 0.646, 1
4, 4398, 2, 0, 0, 1, 0.076, 1
4, 4399, 2, 0, 0, 1, 0.735866666666667, 1
4, 4400, 2, 0, 0, 1, 0.425866666666667, 1
4, 4401, 2, 1, 0, 0, 0.989066666666667, 1
4, 4402, 2, 0, 0, 1, 0.392266666666667, 1
4, 4403, 2, 0, 0, 1, 0.0841333333333333, 1
4, 4404, 2, 0, 0, 1, 0.368533333333333, 1
4, 4405, 2, 0, 0, 1, 0.761866666666667, 1
4, 4406, 2, 0, 0, 1, 0.698933333333333, 1
4, 4407, 2, 0, 0, 1, 0.0749333333333333, 1
4, 4408, 2, 0, 0, 1, 0.386266666666667, 1
4, 4409, 2, 0, 0, 1, 0.743866666666667, 1
4, 4410, 2, 0, 0, 1, 0.505733333333333, 1
4, 4411, 2, 0, 0, 1, 0.474, 1
4, 4412, 2, 0, 0, 1, 0.8376, 1
4, 4413, 2, 0, 0, 1, 0.141466666666667, 1
4, 4414, 2, 0, 0, 1, 0.6984, 1
4, 4415, 2, 0, 0, 1, 0.350133333333333, 1
4, 4416, 2, 0, 0, 1, 0.1, 1
4, 4417, 2, 0, 0, 1, 0.850533333333333, 1
4, 4418, 2, 0, 0, 1, 0.521066666666667, 1
4, 4419, 2, 0, 0, 1, 0.630933333333333, 1
4, 4420, 2, 0, 0, 1, 0.799733333333333, 1
4, 4421, 2, 0, 0, 1, 0.576, 1
4, 4422, 2, 0, 0, 1, 0.588533333333333, 1
4, 4423, 2, 0, 0, 1, 0.881333333333333, 1
4, 4424, 2, 0, 0, 1, 0.818266666666667, 1
4, 4425, 2, 0, 0, 1, 0.226933333333333, 1
4, 4426, 2, 0, 0, 1, 0.7164, 1
4, 4427, 2, 0, 0, 1, 0.502933333333333, 1
4, 4428, 2, 0, 0, 1, 0.8452, 1
4, 4429, 2, 0, 0, 1, 0.546, 1
4, 4430, 2, 0, 0, 1, 0.6744, 1
4, 4431, 2, 0, 0, 1, 0.464533333333333, 1
4, 4432, 2, 0, 0, 1, 0.431466666666667, 1
4, 4433, 2, 0, 0, 1, 0.610266666666667, 1
4, 4434, 2, 0, 0, 1, 0.8972, 1
4, 4435, 2, 0, 0, 1, 0.172, 1
4, 4436, 2, 0, 0, 1, 0.169333333333333, 1
4, 4437, 2, 0, 0, 1, 0.7492, 1
4, 4438, 2, 0, 0, 1, 0.727066666666667, 1
4, 4439, 2, 0, 0, 1, 0.726133333333333, 1
4, 4440, 2, 0, 0, 1, 0.395733333333333, 1
4, 4441, 2, 0, 0, 1, 0.255066666666667, 1
4, 4442, 2, 0, 0, 1, 0.334933333333333, 1
4, 4443, 2, 0, 0, 1, 0.495333333333333, 1
4, 4444, 2, 0, 0, 1, 0.175333333333333, 1
4, 4445, 2, 0, 0, 1, 0.4592, 1
4, 4446, 2, 0, 0, 1, 0.480933333333333, 1
4, 4447, 2, 0, 0, 1, 0.799733333333333, 1
4, 4448, 2, 0, 0, 1, 0.1404, 1
4, 4449, 2, 0, 0, 1, 0.5412, 1
4, 4450, 2, 0, 0, 1, 0.352266666666667, 1
4, 4451, 2, 0, 0, 1, 0.850133333333333, 1
4, 4452, 2, 0, 0, 1, 0.252533333333333, 1
4, 4453, 2, 0, 0, 1, 0.841466666666667, 1
4, 4454, 2, 0, 0, 1, 0.198666666666667, 1
4, 4455, 2, 0, 0, 1, 0.938266666666667, 1
4, 4456, 2, 0, 0, 1, 0.1304, 1
4, 4457, 2, 0, 0, 1, 0.244, 1
4, 4458, 2, 0, 1, 0, 0.00666666666666667, 1
4, 4459, 2, 0, 1, 0, 0.0392, 1
4, 4460, 2, 0, 0, 1, 0.815733333333333, 1
4, 4461, 2, 0, 0, 1, 0.5616, 1
4, 4462, 2, 0, 0, 1, 0.602133333333333, 1
4, 4463, 2, 0, 0, 1, 0.260533333333333, 1
4, 4464, 2, 0, 0, 1, 0.6932, 1
4, 4465, 2, 0, 0, 1, 0.647066666666667, 1
4, 4466, 2, 0, 0, 1, 0.133866666666667, 1
4, 4467, 2, 1, 0, 0, 0.98, 1
4, 4468, 2, 0, 0, 1, 0.520266666666667, 1
4, 4469, 2, 0, 0, 1, 0.0622666666666667, 1
4, 4470, 2, 0, 0, 1, 0.6864, 1
4, 4471, 2, 0, 0, 1, 0.854266666666667, 1
4, 4472, 2, 0, 0, 1, 0.632133333333333, 1
4, 4473, 2, 0, 0, 1, 0.291733333333333, 1
4, 4474, 2, 0, 0, 1, 0.196133333333333, 1
4, 4475, 2, 0, 0, 1, 0.783333333333333, 1
4, 4476, 2, 0, 0, 1, 0.0821333333333333, 1
4, 4477, 2, 0, 0, 1, 0.8284, 1
4, 4478, 2, 0, 0, 1, 0.698266666666667, 1
4, 4479, 2, 0, 0, 1, 0.807333333333333, 1
4, 4480, 2, 0, 0, 1, 0.6936, 1
4, 4481, 2, 0, 0, 1, 0.113733333333333, 1
4, 4482, 2, 0, 0, 1, 0.476133333333333, 1
4, 4483, 2, 0, 0, 1, 0.164, 1
4, 4484, 2, 0, 0, 1, 0.355733333333333, 1
4, 4485, 2, 0, 0, 1, 0.833466666666667, 1
4, 4486, 2, 0, 0, 1, 0.896266666666667, 1
4, 4487, 2, 0, 0, 1, 0.765866666666667, 1
4, 4488, 2, 0, 1, 0, 0.00613333333333333, 1
4, 4489, 2, 0, 0, 1, 0.112, 1
4, 4490, 2, 0, 0, 1, 0.518133333333333, 1
4, 4491, 2, 0, 0, 1, 0.237733333333333, 1
4, 4492, 2, 0, 0, 1, 0.662533333333333, 1
4, 4493, 2, 0, 1, 0, 0.00746666666666667, 1
4, 4494, 2, 0, 0, 1, 0.921066666666667, 1
4, 4495, 2, 0, 0, 1, 0.571466666666667, 1
4, 4496, 2, 0, 0, 1, 0.5196, 1
4, 4497, 2, 0, 0, 1, 0.624533333333333, 1
4, 4498, 2, 0, 0, 1, 0.210266666666667, 1
4, 4499, 2, 0, 0, 1, 0.066, 1
4, 4500, 2, 1, 0, 0, 0.9964, 1
4, 4501, 2, 1, 0, 0, 0.999066666666667, 1
4, 4502, 2, 1, 0, 0, 0.992533333333333, 1
4, 4503, 2, 1, 0, 0, 0.998266666666667, 1
4, 4504, 2, 0, 0, 1, 0.945466666666667, 1
4, 4505, 2, 1, 0, 0, 0.983733333333333, 1
4, 4506, 2, 1, 0, 0, 1, 1
4, 4507, 2, 0, 0, 1, 0.943333333333333, 1
4, 4508, 2, 1, 0, 0, 1, 1
4, 4509, 2, 1, 0, 0, 1, 1
4, 4510, 2, 1, 0, 0, 0.999866666666667, 1
4, 4511, 2, 0, 0, 1, 0.945866666666667, 1
4, 4512, 2, 1, 0, 0, 1, 1
4, 4513, 2, 1, 0, 0, 1, 1
4, 4514, 2, 1, 0, 0, 1, 1
4, 4515, 2, 1, 0, 0, 1, 1
4, 4516, 2, 1, 0, 0, 1, 1
4, 4517, 2, 1, 0, 0, 0.9916, 1
4, 4518, 2, 1, 0, 0, 1, 1
4, 4519, 2, 1, 0, 0, 1, 1
4, 4520, 2, 1, 0, 0, 0.999733333333333, 1
4, 4521, 2, 1, 0, 0, 1, 1
4, 4522, 2, 1, 0, 0, 1, 1
4, 4523, 2, 1, 0, 0, 0.999733333333333, 1
4, 4524, 2, 1, 0, 0, 1, 1
4, 4525, 2, 1, 0, 0, 0.999733333333333, 1
4, 4526, 2, 1, 0, 0, 0.999866666666667, 1
4, 4527, 2, 1, 0, 0, 0.994266666666667, 1
4, 4528, 2, 1, 0, 0, 0.999866666666667, 1
4, 4529, 2, 1, 0, 0, 0.9932, 1
4, 4530, 2, 1, 0, 0, 1, 1
4, 4531, 2, 1, 0, 0, 1, 1
4, 4532, 2, 1, 0, 0, 0.999866666666667, 1
4, 4533, 2, 1, 0, 0, 0.999866666666667, 1
4, 4534, 2, 1, 0, 0, 0.999866666666667, 1
4, 4535, 2, 1, 0, 0, 1, 1
4, 4536, 2, 1, 0, 0, 1, 1
4, 4537, 2, 1, 0, 0, 1, 1
4, 4538, 2, 1, 0, 0, 0.995466666666667, 1
4, 4539, 2, 1, 0, 0, 1, 1
4, 4540, 2, 0, 0, 1, 0.9632, 1
4, 4541, 2, 1, 0, 0, 0.999866666666667, 1
4, 4542, 2, 1, 0, 0, 1, 1
4, 4543, 2, 1, 0, 0, 0.999333333333333, 1
4, 4544, 2, 1, 0, 0, 0.999866666666667, 1
4, 4545, 2, 1, 0, 0, 0.9996, 1
4, 4546, 2, 1, 0, 0, 1, 1
4, 4547, 2, 1, 0, 0, 0.9984, 1
4, 4548, 2, 1, 0, 0, 0.9972, 1
4, 4549, 2, 1, 0, 0, 0.9992, 1
4, 4550, 2, 1, 0, 0, 1, 1
4, 4551, 2, 1, 0, 0, 0.998, 1
4, 4552, 2, 1, 0, 0, 1, 1
4, 4553, 2, 1, 0, 0, 1, 1
4, 4554, 2, 1, 0, 0, 0.999866666666667, 1
4, 4555, 2, 1, 0, 0, 0.9996, 1
4, 4556, 2, 1, 0, 0, 0.999466666666667, 1
4, 4557, 2, 1, 0, 0, 1, 1
4, 4558, 2, 1, 0, 0, 1, 1
4, 4559, 2, 1, 0, 0, 0.999466666666667, 1
4, 4560, 2, 1, 0, 0, 0.999866666666667, 1
4, 4561, 2, 1, 0, 0, 0.994266666666667, 1
4, 4562, 2, 1, 0, 0, 1, 1
4, 4563, 2, 1, 0, 0, 0.998666666666667, 1
4, 4564, 2, 1, 0, 0, 0.999866666666667, 1
4, 4565, 2, 1, 0, 0, 1, 1
4, 4566, 2, 1, 0, 0, 0.999466666666667, 1
4, 4567, 2, 1, 0, 0, 0.998666666666667, 1
4, 4568, 2, 1, 0, 0, 1, 1
4, 4569, 2, 1, 0, 0, 1, 1
4, 4570, 2, 1, 0, 0, 0.989466666666667, 1
4, 4571, 2, 1, 0, 0, 0.998, 1
4, 4572, 2, 1, 0, 0, 0.999866666666667, 1
4, 4573, 2, 1, 0, 0, 0.9992, 1
4, 4574, 2, 1, 0, 0, 0.997866666666667, 1
4, 4575, 2, 1, 0, 0, 1, 1
4, 4576, 2, 0, 0, 1, 0.577733333333333, 1
4, 4577, 2, 0, 0, 1, 0.7916, 1
4, 4578, 2, 1, 0, 0, 0.999333333333333, 1
4, 4579, 2, 1, 0, 0, 0.999333333333333, 1
4, 4580, 2, 1, 0, 0, 1, 1
4, 4581, 2, 1, 0, 0, 1, 1
4, 4582, 2, 1, 0, 0, 1, 1
4, 4583, 2, 1, 0, 0, 1, 1
4, 4584, 2, 1, 0, 0, 1, 1
4, 4585, 2, 0, 0, 1, 0.924933333333333, 1
4, 4586, 2, 1, 0, 0, 0.999733333333333, 1
4, 4587, 2, 1, 0, 0, 1, 1
4, 4588, 2, 1, 0, 0, 1, 1
4, 4589, 2, 1, 0, 0, 0.9968, 1
4, 4590, 2, 1, 0, 0, 1, 1
4, 4591, 2, 1, 0, 0, 1, 1
4, 4592, 2, 1, 0, 0, 1, 1
4, 4593, 2, 1, 0, 0, 0.999866666666667, 1
4, 4594, 2, 1, 0, 0, 0.9976, 1
4, 4595, 2, 1, 0, 0, 1, 1
4, 4596, 2, 1, 0, 0, 0.9972, 1
4, 4597, 2, 1, 0, 0, 1, 1
4, 4598, 2, 1, 0, 0, 1, 1
4, 4599, 2, 1, 0, 0, 0.998266666666667, 1
4, 4600, 2, 1, 0, 0, 0.999866666666667, 1
4, 4601, 2, 1, 0, 0, 0.998933333333333, 1
4, 4602, 2, 1, 0, 0, 0.9996, 1
4, 4603, 2, 1, 0, 0, 1, 1
4, 4604, 2, 1, 0, 0, 1, 1
4, 4605, 2, 1, 0, 0, 0.999866666666667, 1
4, 4606, 2, 1, 0, 0, 0.999733333333333, 1
4, 4607, 2, 1, 0, 0, 1, 1
4, 4608, 2, 1, 0, 0, 0.977333333333333, 1
4, 4609, 2, 1, 0, 0, 0.9992, 1
4, 4610, 2, 1, 0, 0, 0.989466666666667, 1
4, 4611, 2, 1, 0, 0, 0.9976, 1
4, 4612, 2, 1, 0, 0, 0.996666666666667, 1
4, 4613, 2, 1, 0, 0, 0.9948, 1
4, 4614, 2, 1, 0, 0, 1, 1
4, 4615, 2, 1, 0, 0, 0.999466666666667, 1
4, 4616, 2, 1, 0, 0, 1, 1
4, 4617, 2, 1, 0, 0, 1, 1
4, 4618, 2, 1, 0, 0, 0.999866666666667, 1
4, 4619, 2, 1, 0, 0, 0.999733333333333, 1
4, 4620, 2, 1, 0, 0, 0.9936, 1
4, 4621, 2, 1, 0, 0, 1, 1
4, 4622, 2, 1, 0, 0, 1, 1
4, 4623, 2, 1, 0, 0, 0.998533333333333, 1
4, 4624, 2, 1, 0, 0, 1, 1
4, 4625, 2, 1, 0, 0, 0.999866666666667, 1
4, 4626, 2, 1, 0, 0, 0.999733333333333, 1
4, 4627, 2, 1, 0, 0, 1, 1
4, 4628, 2, 1, 0, 0, 0.999866666666667, 1
4, 4629, 2, 1, 0, 0, 0.999466666666667, 1
4, 4630, 2, 1, 0, 0, 1, 1
4, 4631, 2, 1, 0, 0, 0.9972, 1
4, 4632, 2, 1, 0, 0, 1, 1
4, 4633, 2, 1, 0, 0, 1, 1
4, 4634, 2, 1, 0, 0, 0.9892, 1
4, 4635, 2, 1, 0, 0, 1, 1
4, 4636, 2, 1, 0, 0, 1, 1
4, 4637, 2, 1, 0, 0, 0.999733333333333, 1
4, 4638, 2, 1, 0, 0, 0.999866666666667, 1
4, 4639, 2, 1, 0, 0, 0.999466666666667, 1
4, 4640, 2, 1, 0, 0, 0.999466666666667, 1
4, 4641, 2, 1, 0, 0, 0.9948, 1
4, 4642, 2, 1, 0, 0, 0.999866666666667, 1
4, 4643, 2, 1, 0, 0, 1, 1
4, 4644, 2, 1, 0, 0, 1, 1
4, 4645, 2, 1, 0, 0, 1, 1
4, 4646, 2, 1, 0, 0, 0.999866666666667, 1
4, 4647, 2, 1, 0, 0, 0.9868, 1
4, 4648, 2, 1, 0, 0, 0.999866666666667, 1
4, 4649, 2, 1, 0, 0, 1, 1
4, 4650, 2, 1, 0, 0, 0.999466666666667, 1
4, 4651, 2, 0, 0, 1, 0.968666666666667, 1
4, 4652, 2, 1, 0, 0, 1, 1
4, 4653, 2, 1, 0, 0, 1, 1
4, 4654, 2, 1, 0, 0, 0.999066666666667, 1
4, 4655, 2, 1, 0, 0, 0.994666666666667, 1
4, 4656, 2, 1, 0, 0, 1, 1
4, 4657, 2, 1, 0, 0, 0.978533333333333, 1
4, 4658, 2, 1, 0, 0, 1, 1
4, 4659, 2, 1, 0, 0, 1, 1
4, 4660, 2, 1, 0, 0, 0.992933333333333, 1
4, 4661, 2, 1, 0, 0, 0.998, 1
4, 4662, 2, 1, 0, 0, 1, 1
4, 4663, 2, 1, 0, 0, 0.983866666666667, 1
4, 4664, 2, 1, 0, 0, 0.9968, 1
4, 4665, 2, 1, 0, 0, 1, 1
4, 4666, 2, 1, 0, 0, 1, 1
4, 4667, 2, 1, 0, 0, 1, 1
4, 4668, 2, 1, 0, 0, 1, 1
4, 4669, 2, 1, 0, 0, 0.993866666666667, 1
4, 4670, 2, 1, 0, 0, 0.9996, 1
4, 4671, 2, 1, 0, 0, 0.999466666666667, 1
4, 4672, 2, 1, 0, 0, 0.9992, 1
4, 4673, 2, 0, 0, 1, 0.974666666666667, 1
4, 4674, 2, 1, 0, 0, 0.999733333333333, 1
4, 4675, 2, 1, 0, 0, 0.9988, 1
4, 4676, 2, 1, 0, 0, 1, 1
4, 4677, 2, 1, 0, 0, 1, 1
4, 4678, 2, 1, 0, 0, 0.9852, 1
4, 4679, 2, 1, 0, 0, 0.9816, 1
4, 4680, 2, 1, 0, 0, 0.992933333333333, 1
4, 4681, 2, 1, 0, 0, 0.996266666666667, 1
4, 4682, 2, 1, 0, 0, 1, 1
4, 4683, 2, 1, 0, 0, 1, 1
4, 4684, 2, 1, 0, 0, 1, 1
4, 4685, 2, 1, 0, 0, 1, 1
4, 4686, 2, 1, 0, 0, 0.998533333333333, 1
4, 4687, 2, 1, 0, 0, 1, 1
4, 4688, 2, 0, 0, 1, 0.934666666666667, 1
4, 4689, 2, 1, 0, 0, 0.996933333333333, 1
4, 4690, 2, 1, 0, 0, 0.999066666666667, 1
4, 4691, 2, 1, 0, 0, 1, 1
4, 4692, 2, 1, 0, 0, 0.982533333333333, 1
4, 4693, 2, 1, 0, 0, 0.991066666666667, 1
4, 4694, 2, 1, 0, 0, 1, 1
4, 4695, 2, 1, 0, 0, 1, 1
4, 4696, 2, 1, 0, 0, 0.9836, 1
4, 4697, 2, 1, 0, 0, 0.9988, 1
4, 4698, 2, 1, 0, 0, 0.999866666666667, 1
4, 4699, 2, 1, 0, 0, 1, 1
4, 4700, 2, 1, 0, 0, 0.999333333333333, 1
4, 4701, 2, 1, 0, 0, 0.9992, 1
4, 4702, 2, 0, 0, 1, 0.920933333333333, 1
4, 4703, 2, 1, 0, 0, 0.9968, 1
4, 4704, 2, 1, 0, 0, 0.9988, 1
4, 4705, 2, 1, 0, 0, 0.999866666666667, 1
4, 4706, 2, 1, 0, 0, 1, 1
4, 4707, 2, 1, 0, 0, 1, 1
4, 4708, 2, 1, 0, 0, 0.9996, 1
4, 4709, 2, 1, 0, 0, 0.999733333333333, 1
4, 4710, 2, 1, 0, 0, 0.999066666666667, 1
4, 4711, 2, 1, 0, 0, 1, 1
4, 4712, 2, 1, 0, 0, 0.999066666666667, 1
4, 4713, 2, 1, 0, 0, 0.999866666666667, 1
4, 4714, 2, 1, 0, 0, 0.9912, 1
4, 4715, 2, 1, 0, 0, 0.993866666666667, 1
4, 4716, 2, 1, 0, 0, 1, 1
4, 4717, 2, 1, 0, 0, 1, 1
4, 4718, 2, 1, 0, 0, 1, 1
4, 4719, 2, 1, 0, 0, 0.999733333333333, 1
4, 4720, 2, 1, 0, 0, 0.999866666666667, 1
4, 4721, 2, 1, 0, 0, 0.999733333333333, 1
4, 4722, 2, 1, 0, 0, 0.999466666666667, 1
4, 4723, 2, 1, 0, 0, 1, 1
4, 4724, 2, 1, 0, 0, 0.999733333333333, 1
4, 4725, 2, 1, 0, 0, 0.999333333333333, 1
4, 4726, 2, 1, 0, 0, 0.9996, 1
4, 4727, 2, 1, 0, 0, 1, 1
4, 4728, 2, 1, 0, 0, 1, 1
4, 4729, 2, 1, 0, 0, 1, 1
4, 4730, 2, 1, 0, 0, 0.9912, 1
4, 4731, 2, 1, 0, 0, 1, 1
4, 4732, 2, 1, 0, 0, 0.994933333333333, 1
4, 4733, 2, 1, 0, 0, 1, 1
4, 4734, 2, 1, 0, 0, 0.998533333333333, 1
4, 4735, 2, 1, 0, 0, 0.978533333333333, 1
4, 4736, 2, 1, 0, 0, 1, 1
4, 4737, 2, 1, 0, 0, 1, 1
4, 4738, 2, 0, 0, 1, 0.928266666666667, 1
4, 4739, 2, 1, 0, 0, 1, 1
4, 4740, 2, 1, 0, 0, 1, 1
4, 4741, 2, 1, 0, 0, 0.9844, 1
4, 4742, 2, 1, 0, 0, 0.999733333333333, 1
4, 4743, 2, 1, 0, 0, 1, 1
4, 4744, 2, 1, 0, 0, 1, 1
4, 4745, 2, 1, 0, 0, 1, 1
4, 4746, 2, 1, 0, 0, 0.996666666666667, 1
4, 4747, 2, 1, 0, 0, 1, 1
4, 4748, 2, 1, 0, 0, 1, 1
4, 4749, 2, 1, 0, 0, 0.983333333333333, 1
4, 4750, 2, 1, 0, 0, 1, 1
4, 4751, 2, 1, 0, 0, 1, 1
4, 4752, 2, 1, 0, 0, 1, 1
4, 4753, 2, 1, 0, 0, 1, 1
4, 4754, 2, 1, 0, 0, 1, 1
4, 4755, 2, 1, 0, 0, 1, 1
4, 4756, 2, 1, 0, 0, 1, 1
4, 4757, 2, 1, 0, 0, 0.999866666666667, 1
4, 4758, 2, 1, 0, 0, 0.9988, 1
4, 4759, 2, 1, 0, 0, 0.976266666666667, 1
4, 4760, 2, 1, 0, 0, 1, 1
4, 4761, 2, 1, 0, 0, 0.992666666666667, 1
4, 4762, 2, 1, 0, 0, 1, 1
4, 4763, 2, 1, 0, 0, 1, 1
4, 4764, 2, 1, 0, 0, 0.999466666666667, 1
4, 4765, 2, 1, 0, 0, 1, 1
4, 4766, 2, 1, 0, 0, 1, 1
4, 4767, 2, 1, 0, 0, 0.997866666666667, 1
4, 4768, 2, 1, 0, 0, 1, 1
4, 4769, 2, 1, 0, 0, 1, 1
4, 4770, 2, 1, 0, 0, 1, 1
4, 4771, 2, 1, 0, 0, 0.9996, 1
4, 4772, 2, 1, 0, 0, 0.999066666666667, 1
4, 4773, 2, 1, 0, 0, 1, 1
4, 4774, 2, 1, 0, 0, 1, 1
4, 4775, 2, 1, 0, 0, 1, 1
4, 4776, 2, 1, 0, 0, 0.999066666666667, 1
4, 4777, 2, 1, 0, 0, 0.9996, 1
4, 4778, 2, 1, 0, 0, 0.999733333333333, 1
4, 4779, 2, 1, 0, 0, 1, 1
4, 4780, 2, 1, 0, 0, 0.999733333333333, 1
4, 4781, 2, 1, 0, 0, 1, 1
4, 4782, 2, 1, 0, 0, 1, 1
4, 4783, 2, 1, 0, 0, 1, 1
4, 4784, 2, 1, 0, 0, 0.999333333333333, 1
4, 4785, 2, 1, 0, 0, 1, 1
4, 4786, 2, 1, 0, 0, 1, 1
4, 4787, 2, 1, 0, 0, 0.998533333333333, 1
4, 4788, 2, 1, 0, 0, 0.999866666666667, 1
4, 4789, 2, 1, 0, 0, 0.999466666666667, 1
4, 4790, 2, 0, 0, 1, 0.941066666666667, 1
4, 4791, 2, 1, 0, 0, 0.997733333333333, 1
4, 4792, 2, 1, 0, 0, 0.9992, 1
4, 4793, 2, 1, 0, 0, 1, 1
4, 4794, 2, 1, 0, 0, 0.992533333333333, 1
4, 4795, 2, 1, 0, 0, 1, 1
4, 4796, 2, 1, 0, 0, 0.996666666666667, 1
4, 4797, 2, 1, 0, 0, 1, 1
4, 4798, 2, 1, 0, 0, 1, 1
4, 4799, 2, 1, 0, 0, 0.999866666666667, 1
4, 4800, 2, 1, 0, 0, 0.9976, 1
4, 4801, 2, 1, 0, 0, 0.999866666666667, 1
4, 4802, 2, 1, 0, 0, 0.998133333333333, 1
4, 4803, 2, 1, 0, 0, 0.996, 1
4, 4804, 2, 1, 0, 0, 1, 1
4, 4805, 2, 1, 0, 0, 0.999866666666667, 1
4, 4806, 2, 1, 0, 0, 0.986933333333333, 1
4, 4807, 2, 1, 0, 0, 1, 1
4, 4808, 2, 1, 0, 0, 0.990533333333333, 1
4, 4809, 2, 1, 0, 0, 0.999866666666667, 1
4, 4810, 2, 1, 0, 0, 0.997866666666667, 1
4, 4811, 2, 1, 0, 0, 0.992666666666667, 1
4, 4812, 2, 1, 0, 0, 1, 1
4, 4813, 2, 1, 0, 0, 0.986666666666667, 1
4, 4814, 2, 1, 0, 0, 0.9976, 1
4, 4815, 2, 1, 0, 0, 1, 1
4, 4816, 2, 1, 0, 0, 1, 1
4, 4817, 2, 1, 0, 0, 0.999733333333333, 1
4, 4818, 2, 1, 0, 0, 0.998, 1
4, 4819, 2, 1, 0, 0, 0.999733333333333, 1
4, 4820, 2, 1, 0, 0, 0.999333333333333, 1
4, 4821, 2, 1, 0, 0, 1, 1
4, 4822, 2, 1, 0, 0, 1, 1
4, 4823, 2, 1, 0, 0, 0.999333333333333, 1
4, 4824, 2, 1, 0, 0, 1, 1
4, 4825, 2, 1, 0, 0, 0.979866666666667, 1
4, 4826, 2, 1, 0, 0, 1, 1
4, 4827, 2, 1, 0, 0, 0.999466666666667, 1
4, 4828, 2, 1, 0, 0, 1, 1
4, 4829, 2, 1, 0, 0, 0.9992, 1
4, 4830, 2, 1, 0, 0, 0.998533333333333, 1
4, 4831, 2, 1, 0, 0, 1, 1
4, 4832, 2, 1, 0, 0, 0.983733333333333, 1
4, 4833, 2, 1, 0, 0, 0.9988, 1
4, 4834, 2, 1, 0, 0, 0.994666666666667, 1
4, 4835, 2, 1, 0, 0, 0.996533333333333, 1
4, 4836, 2, 1, 0, 0, 0.9996, 1
4, 4837, 2, 1, 0, 0, 1, 1
4, 4838, 2, 1, 0, 0, 0.999066666666667, 1
4, 4839, 2, 1, 0, 0, 0.999733333333333, 1
4, 4840, 2, 1, 0, 0, 1, 1
4, 4841, 2, 1, 0, 0, 1, 1
4, 4842, 2, 1, 0, 0, 0.999466666666667, 1
4, 4843, 2, 0, 0, 1, 0.919466666666667, 1
4, 4844, 2, 1, 0, 0, 1, 1
4, 4845, 2, 1, 0, 0, 1, 1
4, 4846, 2, 1, 0, 0, 0.998, 1
4, 4847, 2, 1, 0, 0, 1, 1
4, 4848, 2, 1, 0, 0, 1, 1
4, 4849, 2, 1, 0, 0, 0.9996, 1
4, 4850, 2, 1, 0, 0, 0.999466666666667, 1
4, 4851, 2, 1, 0, 0, 0.999733333333333, 1
4, 4852, 2, 1, 0, 0, 1, 1
4, 4853, 2, 0, 0, 1, 0.969866666666667, 1
4, 4854, 2, 1, 0, 0, 1, 1
4, 4855, 2, 1, 0, 0, 1, 1
4, 4856, 2, 1, 0, 0, 0.9908, 1
4, 4857, 2, 1, 0, 0, 0.998, 1
4, 4858, 2, 1, 0, 0, 0.991733333333333, 1
4, 4859, 2, 1, 0, 0, 0.9984, 1
4, 4860, 2, 0, 0, 1, 0.9632, 1
4, 4861, 2, 1, 0, 0, 0.999733333333333, 1
4, 4862, 2, 1, 0, 0, 1, 1
4, 4863, 2, 1, 0, 0, 1, 1
4, 4864, 2, 1, 0, 0, 1, 1
4, 4865, 2, 1, 0, 0, 0.989333333333333, 1
4, 4866, 2, 1, 0, 0, 1, 1
4, 4867, 2, 1, 0, 0, 0.989733333333333, 1
4, 4868, 2, 1, 0, 0, 0.997066666666667, 1
4, 4869, 2, 1, 0, 0, 0.984133333333333, 1
4, 4870, 2, 1, 0, 0, 0.9996, 1
4, 4871, 2, 0, 0, 1, 0.9472, 1
4, 4872, 2, 1, 0, 0, 0.982533333333333, 1
4, 4873, 2, 1, 0, 0, 0.999866666666667, 1
4, 4874, 2, 1, 0, 0, 0.9996, 1
4, 4875, 2, 1, 0, 0, 0.982133333333333, 1
4, 4876, 2, 1, 0, 0, 1, 1
4, 4877, 2, 1, 0, 0, 0.9996, 1
4, 4878, 2, 1, 0, 0, 0.999866666666667, 1
4, 4879, 2, 1, 0, 0, 1, 1
4, 4880, 2, 1, 0, 0, 1, 1
4, 4881, 2, 1, 0, 0, 1, 1
4, 4882, 2, 1, 0, 0, 0.9936, 1
4, 4883, 2, 1, 0, 0, 0.999333333333333, 1
4, 4884, 2, 1, 0, 0, 1, 1
4, 4885, 2, 1, 0, 0, 0.999866666666667, 1
4, 4886, 2, 1, 0, 0, 1, 1
4, 4887, 2, 1, 0, 0, 1, 1
4, 4888, 2, 1, 0, 0, 0.999733333333333, 1
4, 4889, 2, 1, 0, 0, 1, 1
4, 4890, 2, 1, 0, 0, 0.9996, 1
4, 4891, 2, 1, 0, 0, 0.978533333333333, 1
4, 4892, 2, 1, 0, 0, 0.9992, 1
4, 4893, 2, 0, 0, 1, 0.934266666666667, 1
4, 4894, 2, 1, 0, 0, 0.997866666666667, 1
4, 4895, 2, 1, 0, 0, 0.9988, 1
4, 4896, 2, 1, 0, 0, 0.999333333333333, 1
4, 4897, 2, 0, 0, 1, 0.9704, 1
4, 4898, 2, 1, 0, 0, 0.998666666666667, 1
4, 4899, 2, 1, 0, 0, 0.9992, 1
4, 4900, 2, 1, 0, 0, 1, 1
4, 4901, 2, 1, 0, 0, 0.999066666666667, 1
4, 4902, 2, 1, 0, 0, 1, 1
4, 4903, 2, 1, 0, 0, 1, 1
4, 4904, 2, 1, 0, 0, 0.9992, 1
4, 4905, 2, 1, 0, 0, 0.999466666666667, 1
4, 4906, 2, 1, 0, 0, 0.997466666666667, 1
4, 4907, 2, 1, 0, 0, 0.999866666666667, 1
4, 4908, 2, 1, 0, 0, 0.9976, 1
4, 4909, 2, 1, 0, 0, 1, 1
4, 4910, 2, 1, 0, 0, 0.999733333333333, 1
4, 4911, 2, 1, 0, 0, 0.998666666666667, 1
4, 4912, 2, 1, 0, 0, 1, 1
4, 4913, 2, 1, 0, 0, 0.998533333333333, 1
4, 4914, 2, 1, 0, 0, 0.999866666666667, 1
4, 4915, 2, 1, 0, 0, 0.999333333333333, 1
4, 4916, 2, 1, 0, 0, 0.9968, 1
4, 4917, 2, 1, 0, 0, 1, 1
4, 4918, 2, 1, 0, 0, 0.999333333333333, 1
4, 4919, 2, 1, 0, 0, 1, 1
4, 4920, 2, 1, 0, 0, 1, 1
4, 4921, 2, 1, 0, 0, 0.9996, 1
4, 4922, 2, 1, 0, 0, 1, 1
4, 4923, 2, 1, 0, 0, 0.999866666666667, 1
4, 4924, 2, 1, 0, 0, 1, 1
4, 4925, 2, 1, 0, 0, 0.999866666666667, 1
4, 4926, 2, 1, 0, 0, 0.999466666666667, 1
4, 4927, 2, 1, 0, 0, 1, 1
4, 4928, 2, 1, 0, 0, 0.998666666666667, 1
4, 4929, 2, 1, 0, 0, 1, 1
4, 4930, 2, 1, 0, 0, 1, 1
4, 4931, 2, 1, 0, 0, 1, 1
4, 4932, 2, 1, 0, 0, 0.9984, 1
4, 4933, 2, 1, 0, 0, 0.992933333333333, 1
4, 4934, 2, 1, 0, 0, 0.993466666666667, 1
4, 4935, 2, 1, 0, 0, 1, 1
4, 4936, 2, 1, 0, 0, 0.998933333333333, 1
4, 4937, 2, 1, 0, 0, 0.999866666666667, 1
4, 4938, 2, 1, 0, 0, 0.999866666666667, 1
4, 4939, 2, 1, 0, 0, 1, 1
4, 4940, 2, 1, 0, 0, 1, 1
4, 4941, 2, 1, 0, 0, 1, 1
4, 4942, 2, 1, 0, 0, 0.997066666666667, 1
4, 4943, 2, 1, 0, 0, 0.999333333333333, 1
4, 4944, 2, 1, 0, 0, 1, 1
4, 4945, 2, 1, 0, 0, 0.998133333333333, 1
4, 4946, 2, 1, 0, 0, 0.9968, 1
4, 4947, 2, 1, 0, 0, 1, 1
4, 4948, 2, 1, 0, 0, 0.9996, 1
4, 4949, 2, 1, 0, 0, 1, 1
4, 4950, 2, 1, 0, 0, 0.998666666666667, 1
4, 4951, 2, 1, 0, 0, 0.9972, 1
4, 4952, 2, 1, 0, 0, 1, 1
4, 4953, 2, 1, 0, 0, 0.999733333333333, 1
4, 4954, 2, 1, 0, 0, 0.999333333333333, 1
4, 4955, 2, 1, 0, 0, 0.985333333333333, 1
4, 4956, 2, 1, 0, 0, 1, 1
4, 4957, 2, 1, 0, 0, 0.999866666666667, 1
4, 4958, 2, 1, 0, 0, 0.999866666666667, 1
4, 4959, 2, 1, 0, 0, 1, 1
4, 4960, 2, 1, 0, 0, 0.9996, 1
4, 4961, 2, 1, 0, 0, 1, 1
4, 4962, 2, 1, 0, 0, 0.999866666666667, 1
4, 4963, 2, 1, 0, 0, 1, 1
4, 4964, 2, 1, 0, 0, 0.999733333333333, 1
4, 4965, 2, 1, 0, 0, 0.999733333333333, 1
4, 4966, 2, 1, 0, 0, 1, 1
4, 4967, 2, 1, 0, 0, 0.999466666666667, 1
4, 4968, 2, 1, 0, 0, 0.9972, 1
4, 4969, 2, 1, 0, 0, 0.984666666666667, 1
4, 4970, 2, 1, 0, 0, 1, 1
4, 4971, 2, 1, 0, 0, 0.999866666666667, 1
4, 4972, 2, 1, 0, 0, 1, 1
4, 4973, 2, 0, 0, 1, 0.938933333333333, 1
4, 4974, 2, 1, 0, 0, 1, 1
4, 4975, 2, 1, 0, 0, 0.998266666666667, 1
4, 4976, 2, 1, 0, 0, 1, 1
4, 4977, 2, 1, 0, 0, 0.999733333333333, 1
4, 4978, 2, 1, 0, 0, 0.999733333333333, 1
4, 4979, 2, 1, 0, 0, 0.996266666666667, 1
4, 4980, 2, 1, 0, 0, 1, 1
4, 4981, 2, 1, 0, 0, 0.999333333333333, 1
4, 4982, 2, 1, 0, 0, 0.995333333333333, 1
4, 4983, 2, 1, 0, 0, 1, 1
4, 4984, 2, 1, 0, 0, 0.999733333333333, 1
4, 4985, 2, 1, 0, 0, 1, 1
4, 4986, 2, 1, 0, 0, 1, 1
4, 4987, 2, 1, 0, 0, 0.988133333333333, 1
4, 4988, 2, 1, 0, 0, 1, 1
4, 4989, 2, 1, 0, 0, 1, 1
4, 4990, 2, 0, 0, 1, 0.888266666666667, 1
4, 4991, 2, 1, 0, 0, 1, 1
4, 4992, 2, 1, 0, 0, 1, 1
4, 4993, 2, 1, 0, 0, 0.997733333333333, 1
4, 4994, 2, 1, 0, 0, 1, 1
4, 4995, 2, 1, 0, 0, 0.999866666666667, 1
4, 4996, 2, 1, 0, 0, 1, 1
4, 4997, 2, 1, 0, 0, 0.998266666666667, 1
4, 4998, 2, 1, 0, 0, 1, 1
4, 4999, 2, 1, 0, 0, 1, 1
4, 5000, 2, 1, 0, 0, 1, 1
4, 5001, 2, 0, 0, 1, 0.387066666666667, 1
4, 5002, 2, 0, 0, 1, 0.843333333333333, 1
4, 5003, 2, 0, 0, 1, 0.4932, 1
4, 5004, 2, 0, 0, 1, 0.2636, 1
4, 5005, 2, 0, 0, 1, 0.313733333333333, 1
4, 5006, 2, 0, 0, 1, 0.5976, 1
4, 5007, 2, 0, 0, 1, 0.144666666666667, 1
4, 5008, 2, 0, 0, 1, 0.926933333333333, 1
4, 5009, 2, 0, 0, 1, 0.443333333333333, 1
4, 5010, 2, 0, 1, 0, 0.0096, 1
4, 5011, 2, 0, 0, 1, 0.6744, 1
4, 5012, 2, 0, 0, 1, 0.6644, 1
4, 5013, 2, 0, 0, 1, 0.9012, 1
4, 5014, 2, 0, 0, 1, 0.3488, 1
4, 5015, 2, 0, 0, 1, 0.930533333333333, 1
4, 5016, 2, 0, 0, 1, 0.302666666666667, 1
4, 5017, 2, 0, 0, 1, 0.630933333333333, 1
4, 5018, 2, 0, 0, 1, 0.8644, 1
4, 5019, 2, 0, 0, 1, 0.715466666666667, 1
4, 5020, 2, 0, 0, 1, 0.245333333333333, 1
4, 5021, 2, 0, 0, 1, 0.814133333333333, 1
4, 5022, 2, 0, 0, 1, 0.1272, 1
4, 5023, 2, 0, 0, 1, 0.498933333333333, 1
4, 5024, 2, 0, 0, 1, 0.444666666666667, 1
4, 5025, 2, 0, 0, 1, 0.632, 1
4, 5026, 2, 0, 0, 1, 0.536133333333333, 1
4, 5027, 2, 0, 0, 1, 0.647733333333333, 1
4, 5028, 2, 0, 0, 1, 0.8368, 1
4, 5029, 2, 0, 0, 1, 0.543866666666667, 1
4, 5030, 2, 0, 0, 1, 0.3972, 1
4, 5031, 2, 0, 0, 1, 0.6844, 1
4, 5032, 2, 0, 0, 1, 0.1612, 1
4, 5033, 2, 0, 0, 1, 0.810933333333333, 1
4, 5034, 2, 0, 0, 1, 0.376933333333333, 1
4, 5035, 2, 0, 0, 1, 0.796666666666667, 1
4, 5036, 2, 0, 0, 1, 0.8604, 1
4, 5037, 2, 0, 0, 1, 0.9504, 1
4, 5038, 2, 0, 0, 1, 0.5152, 1
4, 5039, 2, 0, 0, 1, 0.3164, 1
4, 5040, 2, 0, 0, 1, 0.888666666666667, 1
4, 5041, 2, 0, 0, 1, 0.944933333333333, 1
4, 5042, 2, 0, 0, 1, 0.0652, 1
4, 5043, 2, 0, 0, 1, 0.400666666666667, 1
4, 5044, 2, 0, 0, 1, 0.8992, 1
4, 5045, 2, 0, 0, 1, 0.366266666666667, 1
4, 5046, 2, 0, 0, 1, 0.447733333333333, 1
4, 5047, 2, 0, 0, 1, 0.941066666666667, 1
4, 5048, 2, 0, 0, 1, 0.555866666666667, 1
4, 5049, 2, 0, 0, 1, 0.255866666666667, 1
4, 5050, 2, 0, 0, 1, 0.892133333333333, 1
4, 5051, 2, 0, 0, 1, 0.230666666666667, 1
4, 5052, 2, 0, 0, 1, 0.726, 1
4, 5053, 2, 1, 0, 0, 0.981466666666667, 1
4, 5054, 2, 0, 0, 1, 0.469866666666667, 1
4, 5055, 2, 0, 0, 1, 0.0978666666666667, 1
4, 5056, 2, 0, 0, 1, 0.6088, 1
4, 5057, 2, 0, 0, 1, 0.952666666666667, 1
4, 5058, 2, 0, 0, 1, 0.506, 1
4, 5059, 2, 0, 0, 1, 0.589733333333333, 1
4, 5060, 2, 0, 0, 1, 0.0693333333333333, 1
4, 5061, 2, 0, 0, 1, 0.172133333333333, 1
4, 5062, 2, 0, 0, 1, 0.972133333333333, 1
4, 5063, 2, 0, 0, 1, 0.867733333333333, 1
4, 5064, 2, 0, 1, 0, 0.00893333333333333, 1
4, 5065, 2, 0, 0, 1, 0.2324, 1
4, 5066, 2, 0, 0, 1, 0.560933333333333, 1
4, 5067, 2, 0, 0, 1, 0.9464, 1
4, 5068, 2, 0, 0, 1, 0.7172, 1
4, 5069, 2, 0, 0, 1, 0.8164, 1
4, 5070, 2, 0, 0, 1, 0.0801333333333333, 1
4, 5071, 2, 0, 0, 1, 0.2592, 1
4, 5072, 2, 0, 0, 1, 0.401866666666667, 1
4, 5073, 2, 0, 0, 1, 0.770666666666667, 1
4, 5074, 2, 0, 0, 1, 0.370666666666667, 1
4, 5075, 2, 0, 0, 1, 0.3572, 1
4, 5076, 2, 0, 0, 1, 0.9052, 1
4, 5077, 2, 0, 0, 1, 0.1284, 1
4, 5078, 2, 0, 0, 1, 0.647066666666667, 1
4, 5079, 2, 0, 0, 1, 0.277466666666667, 1
4, 5080, 2, 0, 0, 1, 0.641733333333333, 1
4, 5081, 2, 0, 0, 1, 0.906533333333333, 1
4, 5082, 2, 0, 0, 1, 0.2724, 1
4, 5083, 2, 0, 1, 0, 0.0486666666666667, 1
4, 5084, 2, 0, 0, 1, 0.942, 1
4, 5085, 2, 0, 0, 1, 0.0544, 1
4, 5086, 2, 0, 0, 1, 0.5476, 1
4, 5087, 2, 0, 0, 1, 0.364933333333333, 1
4, 5088, 2, 0, 0, 1, 0.0950666666666667, 1
4, 5089, 2, 0, 0, 1, 0.3268, 1
4, 5090, 2, 0, 0, 1, 0.281066666666667, 1
4, 5091, 2, 0, 0, 1, 0.502666666666667, 1
4, 5092, 2, 0, 0, 1, 0.8412, 1
4, 5093, 2, 0, 0, 1, 0.3864, 1
4, 5094, 2, 0, 0, 1, 0.384, 1
4, 5095, 2, 0, 0, 1, 0.661866666666667, 1
4, 5096, 2, 0, 0, 1, 0.6664, 1
4, 5097, 2, 0, 0, 1, 0.249466666666667, 1
4, 5098, 2, 0, 0, 1, 0.6444, 1
4, 5099, 2, 0, 0, 1, 0.243733333333333, 1
4, 5100, 2, 0, 0, 1, 0.1124, 1
4, 5101, 2, 0, 0, 1, 0.455466666666667, 1
4, 5102, 2, 0, 0, 1, 0.4316, 1
4, 5103, 2, 0, 0, 1, 0.2312, 1
4, 5104, 2, 0, 0, 1, 0.4916, 1
4, 5105, 2, 0, 0, 1, 0.120533333333333, 1
4, 5106, 2, 0, 1, 0, 0.0406666666666667, 1
4, 5107, 2, 0, 0, 1, 0.789866666666667, 1
4, 5108, 2, 0, 0, 1, 0.223866666666667, 1
4, 5109, 2, 0, 0, 1, 0.243466666666667, 1
4, 5110, 2, 0, 0, 1, 0.1464, 1
4, 5111, 2, 0, 0, 1, 0.934933333333333, 1
4, 5112, 2, 0, 0, 1, 0.237333333333333, 1
4, 5113, 2, 0, 0, 1, 0.0586666666666667, 1
4, 5114, 2, 0, 0, 1, 0.253866666666667, 1
4, 5115, 2, 0, 0, 1, 0.481333333333333, 1
4, 5116, 2, 0, 0, 1, 0.461733333333333, 1
4, 5117, 2, 0, 0, 1, 0.816133333333333, 1
4, 5118, 2, 0, 0, 1, 0.944133333333333, 1
4, 5119, 2, 0, 0, 1, 0.0841333333333333, 1
4, 5120, 2, 0, 1, 0, 0.0246666666666667, 1
4, 5121, 2, 0, 0, 1, 0.5264, 1
4, 5122, 2, 0, 0, 1, 0.662266666666667, 1
4, 5123, 2, 0, 0, 1, 0.622266666666667, 1
4, 5124, 2, 0, 0, 1, 0.157733333333333, 1
4, 5125, 2, 0, 0, 1, 0.8952, 1
4, 5126, 2, 0, 0, 1, 0.294933333333333, 1
4, 5127, 2, 0, 0, 1, 0.185466666666667, 1
4, 5128, 2, 0, 0, 1, 0.795466666666667, 1
4, 5129, 2, 0, 0, 1, 0.123333333333333, 1
4, 5130, 2, 0, 0, 1, 0.7112, 1
4, 5131, 2, 0, 0, 1, 0.413333333333333, 1
4, 5132, 2, 0, 0, 1, 0.0526666666666667, 1
4, 5133, 2, 0, 1, 0, 0.018, 1
4, 5134, 2, 0, 0, 1, 0.850533333333333, 1
4, 5135, 2, 0, 0, 1, 0.714, 1
4, 5136, 2, 0, 0, 1, 0.582133333333333, 1
4, 5137, 2, 0, 0, 1, 0.0925333333333333, 1
4, 5138, 2, 0, 0, 1, 0.466933333333333, 1
4, 5139, 2, 0, 0, 1, 0.7384, 1
4, 5140, 2, 0, 0, 1, 0.1464, 1
4, 5141, 2, 0, 0, 1, 0.787466666666667, 1
4, 5142, 2, 0, 0, 1, 0.731733333333333, 1
4, 5143, 2, 0, 0, 1, 0.458933333333333, 1
4, 5144, 2, 0, 0, 1, 0.949866666666667, 1
4, 5145, 2, 0, 0, 1, 0.948, 1
4, 5146, 2, 0, 0, 1, 0.200533333333333, 1
4, 5147, 2, 0, 0, 1, 0.3684, 1
4, 5148, 2, 0, 0, 1, 0.571066666666667, 1
4, 5149, 2, 0, 0, 1, 0.4772, 1
4, 5150, 2, 0, 0, 1, 0.181733333333333, 1
4, 5151, 2, 0, 0, 1, 0.9652, 1
4, 5152, 2, 0, 0, 1, 0.491066666666667, 1
4, 5153, 2, 0, 0, 1, 0.0812, 1
4, 5154, 2, 0, 0, 1, 0.679866666666667, 1
4, 5155, 2, 0, 0, 1, 0.4064, 1
4, 5156, 2, 0, 0, 1, 0.222266666666667, 1
4, 5157, 2, 0, 0, 1, 0.4844, 1
4, 5158, 2, 0, 0, 1, 0.426933333333333, 1
4, 5159, 2, 1, 0, 0, 0.989066666666667, 1
4, 5160, 2, 0, 1, 0, 0.0181333333333333, 1
4, 5161, 2, 0, 0, 1, 0.4016, 1
4, 5162, 2, 0, 0, 1, 0.106666666666667, 1
4, 5163, 2, 0, 0, 1, 0.7596, 1
4, 5164, 2, 0, 0, 1, 0.147733333333333, 1
4, 5165, 2, 0, 0, 1, 0.660133333333333, 1
4, 5166, 2, 0, 0, 1, 0.450666666666667, 1
4, 5167, 2, 0, 0, 1, 0.4908, 1
4, 5168, 2, 0, 0, 1, 0.864933333333333, 1
4, 5169, 2, 0, 0, 1, 0.222, 1
4, 5170, 2, 0, 0, 1, 0.607066666666667, 1
4, 5171, 2, 0, 0, 1, 0.786, 1
4, 5172, 2, 0, 0, 1, 0.8092, 1
4, 5173, 2, 0, 0, 1, 0.226533333333333, 1
4, 5174, 2, 0, 0, 1, 0.593066666666667, 1
4, 5175, 2, 0, 0, 1, 0.450266666666667, 1
4, 5176, 2, 1, 0, 0, 0.995466666666667, 1
4, 5177, 2, 0, 0, 1, 0.6244, 1
4, 5178, 2, 0, 0, 1, 0.623066666666667, 1
4, 5179, 2, 0, 0, 1, 0.7564, 1
4, 5180, 2, 0, 0, 1, 0.6356, 1
4, 5181, 2, 1, 0, 0, 0.997466666666667, 1
4, 5182, 2, 0, 0, 1, 0.215066666666667, 1
4, 5183, 2, 0, 0, 1, 0.494933333333333, 1
4, 5184, 2, 0, 0, 1, 0.922266666666667, 1
4, 5185, 2, 0, 0, 1, 0.6024, 1
4, 5186, 2, 0, 0, 1, 0.615333333333333, 1
4, 5187, 2, 0, 0, 1, 0.910533333333333, 1
4, 5188, 2, 0, 0, 1, 0.3748, 1
4, 5189, 2, 0, 0, 1, 0.8832, 1
4, 5190, 2, 0, 0, 1, 0.180933333333333, 1
4, 5191, 2, 0, 0, 1, 0.4284, 1
4, 5192, 2, 0, 0, 1, 0.415866666666667, 1
4, 5193, 2, 0, 0, 1, 0.177066666666667, 1
4, 5194, 2, 0, 0, 1, 0.285333333333333, 1
4, 5195, 2, 1, 0, 0, 0.975333333333333, 1
4, 5196, 2, 0, 0, 1, 0.804666666666667, 1
4, 5197, 2, 0, 0, 1, 0.331066666666667, 1
4, 5198, 2, 0, 0, 1, 0.614533333333333, 1
4, 5199, 2, 0, 0, 1, 0.283466666666667, 1
4, 5200, 2, 0, 0, 1, 0.5708, 1
4, 5201, 2, 0, 1, 0, 0.0126666666666667, 1
4, 5202, 2, 0, 0, 1, 0.8732, 1
4, 5203, 2, 0, 0, 1, 0.383066666666667, 1
4, 5204, 2, 0, 0, 1, 0.426933333333333, 1
4, 5205, 2, 0, 0, 1, 0.433733333333333, 1
4, 5206, 2, 0, 0, 1, 0.418533333333333, 1
4, 5207, 2, 0, 0, 1, 0.275866666666667, 1
4, 5208, 2, 0, 0, 1, 0.6184, 1
4, 5209, 2, 0, 0, 1, 0.379466666666667, 1
4, 5210, 2, 0, 0, 1, 0.5596, 1
4, 5211, 2, 0, 0, 1, 0.166266666666667, 1
4, 5212, 2, 0, 0, 1, 0.270933333333333, 1
4, 5213, 2, 0, 0, 1, 0.0590666666666667, 1
4, 5214, 2, 0, 0, 1, 0.705733333333333, 1
4, 5215, 2, 0, 0, 1, 0.5372, 1
4, 5216, 2, 0, 0, 1, 0.8528, 1
4, 5217, 2, 0, 0, 1, 0.168666666666667, 1
4, 5218, 2, 0, 1, 0, 0.0288, 1
4, 5219, 2, 0, 1, 0, 0.0264, 1
4, 5220, 2, 0, 0, 1, 0.471866666666667, 1
4, 5221, 2, 0, 0, 1, 0.823066666666667, 1
4, 5222, 2, 0, 0, 1, 0.7084, 1
4, 5223, 2, 0, 0, 1, 0.6624, 1
4, 5224, 2, 0, 0, 1, 0.433066666666667, 1
4, 5225, 2, 0, 0, 1, 0.569866666666667, 1
4, 5226, 2, 0, 0, 1, 0.7708, 1
4, 5227, 2, 0, 0, 1, 0.328, 1
4, 5228, 2, 0, 0, 1, 0.215866666666667, 1
4, 5229, 2, 0, 0, 1, 0.6704, 1
4, 5230, 2, 0, 0, 1, 0.511733333333333, 1
4, 5231, 2, 0, 0, 1, 0.201466666666667, 1
4, 5232, 2, 0, 0, 1, 0.663733333333333, 1
4, 5233, 2, 0, 0, 1, 0.704, 1
4, 5234, 2, 0, 0, 1, 0.0768, 1
4, 5235, 2, 0, 0, 1, 0.7236, 1
4, 5236, 2, 0, 0, 1, 0.752, 1
4, 5237, 2, 0, 0, 1, 0.480266666666667, 1
4, 5238, 2, 0, 0, 1, 0.6776, 1
4, 5239, 2, 0, 0, 1, 0.7296, 1
4, 5240, 2, 0, 0, 1, 0.572666666666667, 1
4, 5241, 2, 0, 0, 1, 0.709466666666667, 1
4, 5242, 2, 0, 0, 1, 0.1092, 1
4, 5243, 2, 0, 1, 0, 0.004, 1
4, 5244, 2, 0, 0, 1, 0.556666666666667, 1
4, 5245, 2, 0, 0, 1, 0.185466666666667, 1
4, 5246, 2, 0, 0, 1, 0.872666666666667, 1
4, 5247, 2, 0, 0, 1, 0.597733333333333, 1
4, 5248, 2, 0, 0, 1, 0.151866666666667, 1
4, 5249, 2, 0, 0, 1, 0.2688, 1
4, 5250, 2, 0, 0, 1, 0.190266666666667, 1
4, 5251, 2, 0, 0, 1, 0.3296, 1
4, 5252, 2, 0, 0, 1, 0.520933333333333, 1
4, 5253, 2, 0, 0, 1, 0.337466666666667, 1
4, 5254, 2, 0, 0, 1, 0.3552, 1
4, 5255, 2, 0, 0, 1, 0.122666666666667, 1
4, 5256, 2, 0, 0, 1, 0.211866666666667, 1
4, 5257, 2, 0, 0, 1, 0.112, 1
4, 5258, 2, 0, 0, 1, 0.132133333333333, 1
4, 5259, 2, 0, 0, 1, 0.6056, 1
4, 5260, 2, 0, 0, 1, 0.230666666666667, 1
4, 5261, 2, 0, 0, 1, 0.2488, 1
4, 5262, 2, 0, 0, 1, 0.145866666666667, 1
4, 5263, 2, 0, 0, 1, 0.172266666666667, 1
4, 5264, 2, 0, 0, 1, 0.429733333333333, 1
4, 5265, 2, 0, 0, 1, 0.8264, 1
4, 5266, 2, 0, 0, 1, 0.693866666666667, 1
4, 5267, 2, 0, 0, 1, 0.548, 1
4, 5268, 2, 0, 0, 1, 0.502533333333333, 1
4, 5269, 2, 0, 0, 1, 0.930666666666667, 1
4, 5270, 2, 0, 0, 1, 0.853733333333333, 1
4, 5271, 2, 0, 0, 1, 0.717066666666667, 1
4, 5272, 2, 0, 0, 1, 0.316666666666667, 1
4, 5273, 2, 0, 0, 1, 0.649066666666667, 1
4, 5274, 2, 0, 0, 1, 0.555066666666667, 1
4, 5275, 2, 0, 0, 1, 0.608933333333333, 1
4, 5276, 2, 0, 1, 0, 0.00293333333333333, 1
4, 5277, 2, 0, 0, 1, 0.3376, 1
4, 5278, 2, 0, 0, 1, 0.204933333333333, 1
4, 5279, 2, 0, 0, 1, 0.1952, 1
4, 5280, 2, 0, 0, 1, 0.649733333333333, 1
4, 5281, 2, 0, 0, 1, 0.4216, 1
4, 5282, 2, 0, 0, 1, 0.4048, 1
4, 5283, 2, 0, 0, 1, 0.742666666666667, 1
4, 5284, 2, 0, 0, 1, 0.536266666666667, 1
4, 5285, 2, 0, 0, 1, 0.6808, 1
4, 5286, 2, 0, 0, 1, 0.913733333333333, 1
4, 5287, 2, 0, 0, 1, 0.163733333333333, 1
4, 5288, 2, 0, 0, 1, 0.174533333333333, 1
4, 5289, 2, 0, 0, 1, 0.3728, 1
4, 5290, 2, 0, 0, 1, 0.185333333333333, 1
4, 5291, 2, 0, 0, 1, 0.690533333333333, 1
4, 5292, 2, 0, 0, 1, 0.3104, 1
4, 5293, 2, 0, 0, 1, 0.193333333333333, 1
4, 5294, 2, 0, 0, 1, 0.207066666666667, 1
4, 5295, 2, 0, 0, 1, 0.4932, 1
4, 5296, 2, 0, 0, 1, 0.961066666666667, 1
4, 5297, 2, 0, 0, 1, 0.306, 1
4, 5298, 2, 0, 0, 1, 0.236266666666667, 1
4, 5299, 2, 0, 0, 1, 0.766666666666667, 1
4, 5300, 2, 0, 0, 1, 0.6536, 1
4, 5301, 2, 0, 0, 1, 0.281333333333333, 1
4, 5302, 2, 0, 0, 1, 0.130266666666667, 1
4, 5303, 2, 0, 0, 1, 0.9664, 1
4, 5304, 2, 0, 0, 1, 0.248, 1
4, 5305, 2, 0, 0, 1, 0.2864, 1
4, 5306, 2, 0, 0, 1, 0.725466666666667, 1
4, 5307, 2, 0, 0, 1, 0.9508, 1
4, 5308, 2, 0, 0, 1, 0.346, 1
4, 5309, 2, 0, 0, 1, 0.626666666666667, 1
4, 5310, 2, 0, 0, 1, 0.698533333333333, 1
4, 5311, 2, 0, 0, 1, 0.893066666666667, 1
4, 5312, 2, 0, 0, 1, 0.074, 1
4, 5313, 2, 0, 0, 1, 0.0673333333333333, 1
4, 5314, 2, 0, 0, 1, 0.505333333333333, 1
4, 5315, 2, 0, 0, 1, 0.4912, 1
4, 5316, 2, 0, 1, 0, 0.0048, 1
4, 5317, 2, 0, 0, 1, 0.682266666666667, 1
4, 5318, 2, 0, 0, 1, 0.485866666666667, 1
4, 5319, 2, 0, 0, 1, 0.237866666666667, 1
4, 5320, 2, 0, 0, 1, 0.470666666666667, 1
4, 5321, 2, 0, 0, 1, 0.2184, 1
4, 5322, 2, 0, 0, 1, 0.859333333333333, 1
4, 5323, 2, 0, 0, 1, 0.5488, 1
4, 5324, 2, 0, 0, 1, 0.344266666666667, 1
4, 5325, 2, 0, 0, 1, 0.332933333333333, 1
4, 5326, 2, 0, 0, 1, 0.887333333333333, 1
4, 5327, 2, 0, 0, 1, 0.899733333333333, 1
4, 5328, 2, 0, 0, 1, 0.557733333333333, 1
4, 5329, 2, 0, 0, 1, 0.0936, 1
4, 5330, 2, 0, 0, 1, 0.874266666666667, 1
4, 5331, 2, 0, 0, 1, 0.432666666666667, 1
4, 5332, 2, 0, 0, 1, 0.501466666666667, 1
4, 5333, 2, 0, 0, 1, 0.189066666666667, 1
4, 5334, 2, 0, 0, 1, 0.651333333333333, 1
4, 5335, 2, 0, 0, 1, 0.9584, 1
4, 5336, 2, 0, 0, 1, 0.0758666666666667, 1
4, 5337, 2, 0, 0, 1, 0.135466666666667, 1
4, 5338, 2, 0, 0, 1, 0.372133333333333, 1
4, 5339, 2, 0, 0, 1, 0.702533333333333, 1
4, 5340, 2, 0, 0, 1, 0.174933333333333, 1
4, 5341, 2, 0, 0, 1, 0.6424, 1
4, 5342, 2, 0, 1, 0, 0.0310666666666667, 1
4, 5343, 2, 0, 0, 1, 0.227866666666667, 1
4, 5344, 2, 0, 0, 1, 0.122, 1
4, 5345, 2, 0, 0, 1, 0.558133333333333, 1
4, 5346, 2, 0, 0, 1, 0.382, 1
4, 5347, 2, 1, 0, 0, 0.992, 1
4, 5348, 2, 0, 0, 1, 0.1676, 1
4, 5349, 2, 0, 0, 1, 0.6188, 1
4, 5350, 2, 0, 0, 1, 0.0562666666666667, 1
4, 5351, 2, 0, 0, 1, 0.920266666666667, 1
4, 5352, 2, 0, 0, 1, 0.224933333333333, 1
4, 5353, 2, 0, 0, 1, 0.506933333333333, 1
4, 5354, 2, 0, 0, 1, 0.282266666666667, 1
4, 5355, 2, 0, 0, 1, 0.727333333333333, 1
4, 5356, 2, 0, 0, 1, 0.409333333333333, 1
4, 5357, 2, 0, 0, 1, 0.904933333333333, 1
4, 5358, 2, 0, 0, 1, 0.0774666666666667, 1
4, 5359, 2, 0, 0, 1, 0.6336, 1
4, 5360, 2, 0, 0, 1, 0.401866666666667, 1
4, 5361, 2, 0, 0, 1, 0.7908, 1
4, 5362, 2, 0, 0, 1, 0.0913333333333333, 1
4, 5363, 2, 0, 0, 1, 0.6504, 1
4, 5364, 2, 0, 0, 1, 0.2348, 1
4, 5365, 2, 0, 0, 1, 0.804133333333333, 1
4, 5366, 2, 0, 0, 1, 0.6572, 1
4, 5367, 2, 0, 0, 1, 0.425733333333333, 1
4, 5368, 2, 0, 0, 1, 0.530933333333333, 1
4, 5369, 2, 0, 0, 1, 0.118533333333333, 1
4, 5370, 2, 0, 0, 1, 0.310666666666667, 1
4, 5371, 2, 0, 0, 1, 0.5124, 1
4, 5372, 2, 0, 0, 1, 0.921066666666667, 1
4, 5373, 2, 0, 0, 1, 0.206133333333333, 1
4, 5374, 2, 0, 0, 1, 0.376666666666667, 1
4, 5375, 2, 0, 0, 1, 0.15, 1
4, 5376, 2, 0, 0, 1, 0.924533333333333, 1
4, 5377, 2, 0, 0, 1, 0.621066666666667, 1
4, 5378, 2, 0, 0, 1, 0.546666666666667, 1
4, 5379, 2, 0, 0, 1, 0.617866666666667, 1
4, 5380, 2, 0, 0, 1, 0.726533333333333, 1
4, 5381, 2, 0, 0, 1, 0.386666666666667, 1
4, 5382, 2, 0, 0, 1, 0.715333333333333, 1
4, 5383, 2, 0, 1, 0, 0.0416, 1
4, 5384, 2, 0, 0, 1, 0.247866666666667, 1
4, 5385, 2, 0, 0, 1, 0.480133333333333, 1
4, 5386, 2, 0, 0, 1, 0.164666666666667, 1
4, 5387, 2, 0, 0, 1, 0.0518666666666667, 1
4, 5388, 2, 0, 0, 1, 0.430533333333333, 1
4, 5389, 2, 0, 0, 1, 0.1328, 1
4, 5390, 2, 0, 0, 1, 0.944533333333333, 1
4, 5391, 2, 0, 0, 1, 0.1512, 1
4, 5392, 2, 0, 0, 1, 0.9012, 1
4, 5393, 2, 0, 0, 1, 0.186933333333333, 1
4, 5394, 2, 0, 0, 1, 0.845066666666667, 1
4, 5395, 2, 0, 0, 1, 0.495066666666667, 1
4, 5396, 2, 0, 0, 1, 0.1124, 1
4, 5397, 2, 0, 0, 1, 0.524, 1
4, 5398, 2, 0, 0, 1, 0.82, 1
4, 5399, 2, 0, 0, 1, 0.1072, 1
4, 5400, 2, 0, 0, 1, 0.0621333333333333, 1
4, 5401, 2, 0, 0, 1, 0.825066666666667, 1
4, 5402, 2, 0, 0, 1, 0.833066666666667, 1
4, 5403, 2, 0, 0, 1, 0.578933333333333, 1
4, 5404, 2, 0, 0, 1, 0.783866666666667, 1
4, 5405, 2, 0, 0, 1, 0.482933333333333, 1
4, 5406, 2, 0, 0, 1, 0.328, 1
4, 5407, 2, 0, 0, 1, 0.696666666666667, 1
4, 5408, 2, 0, 1, 0, 0.0353333333333333, 1
4, 5409, 2, 0, 0, 1, 0.5312, 1
4, 5410, 2, 0, 0, 1, 0.459733333333333, 1
4, 5411, 2, 0, 0, 1, 0.3548, 1
4, 5412, 2, 0, 0, 1, 0.835733333333333, 1
4, 5413, 2, 0, 0, 1, 0.951333333333333, 1
4, 5414, 2, 0, 0, 1, 0.6052, 1
4, 5415, 2, 0, 0, 1, 0.907333333333333, 1
4, 5416, 2, 0, 0, 1, 0.361466666666667, 1
4, 5417, 2, 0, 0, 1, 0.778933333333333, 1
4, 5418, 2, 0, 0, 1, 0.0894666666666667, 1
4, 5419, 2, 0, 0, 1, 0.4636, 1
4, 5420, 2, 0, 0, 1, 0.3356, 1
4, 5421, 2, 0, 0, 1, 0.2456, 1
4, 5422, 2, 0, 0, 1, 0.107733333333333, 1
4, 5423, 2, 0, 0, 1, 0.443333333333333, 1
4, 5424, 2, 0, 0, 1, 0.406133333333333, 1
4, 5425, 2, 0, 0, 1, 0.673333333333333, 1
4, 5426, 2, 0, 0, 1, 0.1848, 1
4, 5427, 2, 0, 0, 1, 0.1592, 1
4, 5428, 2, 0, 0, 1, 0.2284, 1
4, 5429, 2, 0, 0, 1, 0.569733333333333, 1
4, 5430, 2, 0, 0, 1, 0.325733333333333, 1
4, 5431, 2, 0, 0, 1, 0.628666666666667, 1
4, 5432, 2, 0, 0, 1, 0.356933333333333, 1
4, 5433, 2, 0, 0, 1, 0.290133333333333, 1
4, 5434, 2, 0, 0, 1, 0.9076, 1
4, 5435, 2, 0, 0, 1, 0.3224, 1
4, 5436, 2, 0, 0, 1, 0.343466666666667, 1
4, 5437, 2, 0, 0, 1, 0.755333333333333, 1
4, 5438, 2, 0, 0, 1, 0.798666666666667, 1
4, 5439, 2, 0, 0, 1, 0.953733333333333, 1
4, 5440, 2, 0, 0, 1, 0.833866666666667, 1
4, 5441, 2, 0, 0, 1, 0.7004, 1
4, 5442, 2, 0, 0, 1, 0.201066666666667, 1
4, 5443, 2, 0, 0, 1, 0.492266666666667, 1
4, 5444, 2, 0, 0, 1, 0.3692, 1
4, 5445, 2, 0, 0, 1, 0.306133333333333, 1
4, 5446, 2, 0, 0, 1, 0.381866666666667, 1
4, 5447, 2, 0, 0, 1, 0.709866666666667, 1
4, 5448, 2, 0, 0, 1, 0.5496, 1
4, 5449, 2, 0, 0, 1, 0.764933333333333, 1
4, 5450, 2, 0, 0, 1, 0.9216, 1
4, 5451, 2, 0, 0, 1, 0.900133333333333, 1
4, 5452, 2, 0, 0, 1, 0.895866666666667, 1
4, 5453, 2, 0, 0, 1, 0.181333333333333, 1
4, 5454, 2, 0, 0, 1, 0.655333333333333, 1
4, 5455, 2, 0, 0, 1, 0.794133333333333, 1
4, 5456, 2, 0, 0, 1, 0.0682666666666667, 1
4, 5457, 2, 0, 0, 1, 0.8736, 1
4, 5458, 2, 0, 0, 1, 0.448266666666667, 1
4, 5459, 2, 0, 0, 1, 0.556266666666667, 1
4, 5460, 2, 0, 0, 1, 0.798133333333333, 1
4, 5461, 2, 0, 0, 1, 0.699866666666667, 1
4, 5462, 2, 0, 0, 1, 0.439866666666667, 1
4, 5463, 2, 0, 0, 1, 0.182933333333333, 1
4, 5464, 2, 0, 1, 0, 0.000266666666666667, 1
4, 5465, 2, 0, 0, 1, 0.518266666666667, 1
4, 5466, 2, 0, 0, 1, 0.155066666666667, 1
4, 5467, 2, 0, 0, 1, 0.5636, 1
4, 5468, 2, 0, 0, 1, 0.228, 1
4, 5469, 2, 0, 0, 1, 0.475333333333333, 1
4, 5470, 2, 0, 0, 1, 0.9168, 1
4, 5471, 2, 0, 0, 1, 0.2448, 1
4, 5472, 2, 0, 0, 1, 0.260266666666667, 1
4, 5473, 2, 0, 0, 1, 0.484533333333333, 1
4, 5474, 2, 0, 0, 1, 0.532133333333333, 1
4, 5475, 2, 0, 0, 1, 0.688933333333333, 1
4, 5476, 2, 0, 0, 1, 0.423333333333333, 1
4, 5477, 2, 0, 0, 1, 0.615866666666667, 1
4, 5478, 2, 0, 0, 1, 0.0561333333333333, 1
4, 5479, 2, 0, 0, 1, 0.804, 1
4, 5480, 2, 0, 0, 1, 0.284933333333333, 1
4, 5481, 2, 0, 0, 1, 0.396933333333333, 1
4, 5482, 2, 0, 0, 1, 0.0506666666666667, 1
4, 5483, 2, 0, 0, 1, 0.5048, 1
4, 5484, 2, 0, 0, 1, 0.3268, 1
4, 5485, 2, 0, 0, 1, 0.932266666666667, 1
4, 5486, 2, 0, 0, 1, 0.0745333333333333, 1
4, 5487, 2, 0, 0, 1, 0.97, 1
4, 5488, 2, 0, 1, 0, 0.0494666666666667, 1
4, 5489, 2, 0, 1, 0, 0.0364, 1
4, 5490, 2, 0, 0, 1, 0.8036, 1
4, 5491, 2, 0, 0, 1, 0.9164, 1
4, 5492, 2, 0, 0, 1, 0.770266666666667, 1
4, 5493, 2, 0, 0, 1, 0.0842666666666667, 1
4, 5494, 2, 0, 0, 1, 0.631066666666667, 1
4, 5495, 2, 0, 0, 1, 0.182533333333333, 1
4, 5496, 2, 0, 0, 1, 0.283333333333333, 1
4, 5497, 2, 0, 0, 1, 0.489466666666667, 1
4, 5498, 2, 0, 0, 1, 0.508, 1
4, 5499, 2, 0, 0, 1, 0.2784, 1
4, 5500, 2, 0, 0, 1, 0.901466666666667, 1
4, 5501, 2, 1, 0, 0, 0.991733333333333, 1
4, 5502, 2, 1, 0, 0, 0.995733333333333, 1
4, 5503, 2, 1, 0, 0, 0.9996, 1
4, 5504, 2, 1, 0, 0, 1, 1
4, 5505, 2, 1, 0, 0, 0.9992, 1
4, 5506, 2, 1, 0, 0, 1, 1
4, 5507, 2, 1, 0, 0, 0.999866666666667, 1
4, 5508, 2, 1, 0, 0, 0.977333333333333, 1
4, 5509, 2, 1, 0, 0, 0.996933333333333, 1
4, 5510, 2, 0, 0, 1, 0.958666666666667, 1
4, 5511, 2, 1, 0, 0, 1, 1
4, 5512, 2, 1, 0, 0, 1, 1
4, 5513, 2, 1, 0, 0, 1, 1
4, 5514, 2, 1, 0, 0, 0.999866666666667, 1
4, 5515, 2, 1, 0, 0, 0.999866666666667, 1
4, 5516, 2, 1, 0, 0, 0.999866666666667, 1
4, 5517, 2, 1, 0, 0, 1, 1
4, 5518, 2, 1, 0, 0, 0.991866666666667, 1
4, 5519, 2, 1, 0, 0, 0.999866666666667, 1
4, 5520, 2, 1, 0, 0, 1, 1
4, 5521, 2, 1, 0, 0, 0.999866666666667, 1
4, 5522, 2, 0, 0, 1, 0.9532, 1
4, 5523, 2, 1, 0, 0, 0.996, 1
4, 5524, 2, 1, 0, 0, 1, 1
4, 5525, 2, 1, 0, 0, 1, 1
4, 5526, 2, 1, 0, 0, 0.999866666666667, 1
4, 5527, 2, 1, 0, 0, 1, 1
4, 5528, 2, 1, 0, 0, 0.999466666666667, 1
4, 5529, 2, 1, 0, 0, 1, 1
4, 5530, 2, 1, 0, 0, 0.978933333333333, 1
4, 5531, 2, 1, 0, 0, 0.9988, 1
4, 5532, 2, 1, 0, 0, 1, 1
4, 5533, 2, 0, 0, 1, 0.955733333333333, 1
4, 5534, 2, 1, 0, 0, 0.999866666666667, 1
4, 5535, 2, 1, 0, 0, 1, 1
4, 5536, 2, 1, 0, 0, 1, 1
4, 5537, 2, 1, 0, 0, 1, 1
4, 5538, 2, 1, 0, 0, 0.999733333333333, 1
4, 5539, 2, 1, 0, 0, 0.999733333333333, 1
4, 5540, 2, 0, 0, 1, 0.965466666666667, 1
4, 5541, 2, 1, 0, 0, 0.999866666666667, 1
4, 5542, 2, 1, 0, 0, 1, 1
4, 5543, 2, 1, 0, 0, 0.997466666666667, 1
4, 5544, 2, 1, 0, 0, 0.9968, 1
4, 5545, 2, 1, 0, 0, 1, 1
4, 5546, 2, 1, 0, 0, 0.999866666666667, 1
4, 5547, 2, 1, 0, 0, 0.999733333333333, 1
4, 5548, 2, 1, 0, 0, 0.984933333333333, 1
4, 5549, 2, 1, 0, 0, 1, 1
4, 5550, 2, 1, 0, 0, 1, 1
4, 5551, 2, 1, 0, 0, 0.999866666666667, 1
4, 5552, 2, 1, 0, 0, 0.9956, 1
4, 5553, 2, 1, 0, 0, 0.998933333333333, 1
4, 5554, 2, 1, 0, 0, 0.999866666666667, 1
4, 5555, 2, 1, 0, 0, 0.999466666666667, 1
4, 5556, 2, 1, 0, 0, 0.999333333333333, 1
4, 5557, 2, 1, 0, 0, 0.9996, 1
4, 5558, 2, 1, 0, 0, 0.9952, 1
4, 5559, 2, 1, 0, 0, 0.999733333333333, 1
4, 5560, 2, 1, 0, 0, 0.988933333333333, 1
4, 5561, 2, 1, 0, 0, 1, 1
4, 5562, 2, 1, 0, 0, 1, 1
4, 5563, 2, 1, 0, 0, 1, 1
4, 5564, 2, 1, 0, 0, 1, 1
4, 5565, 2, 1, 0, 0, 0.999466666666667, 1
4, 5566, 2, 1, 0, 0, 0.992266666666667, 1
4, 5567, 2, 1, 0, 0, 1, 1
4, 5568, 2, 1, 0, 0, 0.984266666666667, 1
4, 5569, 2, 1, 0, 0, 0.9976, 1
4, 5570, 2, 1, 0, 0, 1, 1
4, 5571, 2, 1, 0, 0, 0.999866666666667, 1
4, 5572, 2, 1, 0, 0, 1, 1
4, 5573, 2, 1, 0, 0, 0.998933333333333, 1
4, 5574, 2, 1, 0, 0, 1, 1
4, 5575, 2, 1, 0, 0, 0.998933333333333, 1
4, 5576, 2, 1, 0, 0, 1, 1
4, 5577, 2, 1, 0, 0, 1, 1
4, 5578, 2, 1, 0, 0, 0.998533333333333, 1
4, 5579, 2, 1, 0, 0, 1, 1
4, 5580, 2, 1, 0, 0, 0.9976, 1
4, 5581, 2, 1, 0, 0, 0.997866666666667, 1
4, 5582, 2, 1, 0, 0, 0.9832, 1
4, 5583, 2, 1, 0, 0, 0.990933333333333, 1
4, 5584, 2, 1, 0, 0, 0.9984, 1
4, 5585, 2, 1, 0, 0, 1, 1
4, 5586, 2, 1, 0, 0, 1, 1
4, 5587, 2, 1, 0, 0, 1, 1
4, 5588, 2, 1, 0, 0, 0.995466666666667, 1
4, 5589, 2, 1, 0, 0, 0.999866666666667, 1
4, 5590, 2, 1, 0, 0, 0.998933333333333, 1
4, 5591, 2, 1, 0, 0, 1, 1
4, 5592, 2, 1, 0, 0, 1, 1
4, 5593, 2, 1, 0, 0, 1, 1
4, 5594, 2, 1, 0, 0, 0.999866666666667, 1
4, 5595, 2, 1, 0, 0, 1, 1
4, 5596, 2, 1, 0, 0, 1, 1
4, 5597, 2, 1, 0, 0, 0.9992, 1
4, 5598, 2, 1, 0, 0, 0.998533333333333, 1
4, 5599, 2, 1, 0, 0, 1, 1
4, 5600, 2, 1, 0, 0, 1, 1
4, 5601, 2, 1, 0, 0, 0.998933333333333, 1
4, 5602, 2, 1, 0, 0, 0.999733333333333, 1
4, 5603, 2, 1, 0, 0, 0.9956, 1
4, 5604, 2, 1, 0, 0, 0.996133333333333, 1
4, 5605, 2, 1, 0, 0, 1, 1
4, 5606, 2, 1, 0, 0, 0.998533333333333, 1
4, 5607, 2, 1, 0, 0, 1, 1
4, 5608, 2, 1, 0, 0, 0.998133333333333, 1
4, 5609, 2, 1, 0, 0, 1, 1
4, 5610, 2, 1, 0, 0, 1, 1
4, 5611, 2, 1, 0, 0, 1, 1
4, 5612, 2, 1, 0, 0, 0.999733333333333, 1
4, 5613, 2, 1, 0, 0, 0.999466666666667, 1
4, 5614, 2, 1, 0, 0, 0.989733333333333, 1
4, 5615, 2, 1, 0, 0, 1, 1
4, 5616, 2, 1, 0, 0, 0.999466666666667, 1
4, 5617, 2, 1, 0, 0, 0.9992, 1
4, 5618, 2, 1, 0, 0, 0.999866666666667, 1
4, 5619, 2, 1, 0, 0, 1, 1
4, 5620, 2, 0, 0, 1, 0.864, 1
4, 5621, 2, 1, 0, 0, 0.999866666666667, 1
4, 5622, 2, 1, 0, 0, 0.9948, 1
4, 5623, 2, 1, 0, 0, 0.997466666666667, 1
4, 5624, 2, 1, 0, 0, 1, 1
4, 5625, 2, 1, 0, 0, 0.996133333333333, 1
4, 5626, 2, 1, 0, 0, 1, 1
4, 5627, 2, 0, 0, 1, 0.8984, 1
4, 5628, 2, 1, 0, 0, 0.998666666666667, 1
4, 5629, 2, 1, 0, 0, 0.983066666666667, 1
4, 5630, 2, 1, 0, 0, 0.984666666666667, 1
4, 5631, 2, 1, 0, 0, 1, 1
4, 5632, 2, 1, 0, 0, 1, 1
4, 5633, 2, 1, 0, 0, 0.9996, 1
4, 5634, 2, 1, 0, 0, 0.999333333333333, 1
4, 5635, 2, 1, 0, 0, 0.996933333333333, 1
4, 5636, 2, 1, 0, 0, 1, 1
4, 5637, 2, 0, 0, 1, 0.9744, 1
4, 5638, 2, 1, 0, 0, 0.999866666666667, 1
4, 5639, 2, 1, 0, 0, 0.993466666666667, 1
4, 5640, 2, 1, 0, 0, 0.999733333333333, 1
4, 5641, 2, 1, 0, 0, 1, 1
4, 5642, 2, 1, 0, 0, 0.987733333333333, 1
4, 5643, 2, 1, 0, 0, 0.998666666666667, 1
4, 5644, 2, 0, 0, 1, 0.9496, 1
4, 5645, 2, 1, 0, 0, 0.999733333333333, 1
4, 5646, 2, 1, 0, 0, 1, 1
4, 5647, 2, 1, 0, 0, 1, 1
4, 5648, 2, 1, 0, 0, 0.998933333333333, 1
4, 5649, 2, 1, 0, 0, 0.998933333333333, 1
4, 5650, 2, 1, 0, 0, 0.999733333333333, 1
4, 5651, 2, 1, 0, 0, 0.993733333333333, 1
4, 5652, 2, 1, 0, 0, 1, 1
4, 5653, 2, 1, 0, 0, 1, 1
4, 5654, 2, 1, 0, 0, 0.999333333333333, 1
4, 5655, 2, 1, 0, 0, 0.999866666666667, 1
4, 5656, 2, 1, 0, 0, 1, 1
4, 5657, 2, 1, 0, 0, 0.9932, 1
4, 5658, 2, 1, 0, 0, 1, 1
4, 5659, 2, 1, 0, 0, 1, 1
4, 5660, 2, 0, 0, 1, 0.969066666666667, 1
4, 5661, 2, 0, 0, 1, 0.8972, 1
4, 5662, 2, 1, 0, 0, 0.999733333333333, 1
4, 5663, 2, 1, 0, 0, 0.9988, 1
4, 5664, 2, 1, 0, 0, 0.9984, 1
4, 5665, 2, 1, 0, 0, 1, 1
4, 5666, 2, 1, 0, 0, 0.9992, 1
4, 5667, 2, 1, 0, 0, 1, 1
4, 5668, 2, 1, 0, 0, 0.999733333333333, 1
4, 5669, 2, 1, 0, 0, 1, 1
4, 5670, 2, 1, 0, 0, 0.9988, 1
4, 5671, 2, 1, 0, 0, 0.998266666666667, 1
4, 5672, 2, 1, 0, 0, 0.999866666666667, 1
4, 5673, 2, 1, 0, 0, 1, 1
4, 5674, 2, 1, 0, 0, 0.977733333333333, 1
4, 5675, 2, 1, 0, 0, 0.998, 1
4, 5676, 2, 1, 0, 0, 0.999866666666667, 1
4, 5677, 2, 1, 0, 0, 1, 1
4, 5678, 2, 1, 0, 0, 0.999866666666667, 1
4, 5679, 2, 1, 0, 0, 0.990533333333333, 1
4, 5680, 2, 1, 0, 0, 0.9972, 1
4, 5681, 2, 1, 0, 0, 0.999733333333333, 1
4, 5682, 2, 1, 0, 0, 0.9832, 1
4, 5683, 2, 1, 0, 0, 0.998133333333333, 1
4, 5684, 2, 1, 0, 0, 1, 1
4, 5685, 2, 1, 0, 0, 0.998933333333333, 1
4, 5686, 2, 1, 0, 0, 1, 1
4, 5687, 2, 1, 0, 0, 0.999466666666667, 1
4, 5688, 2, 1, 0, 0, 1, 1
4, 5689, 2, 1, 0, 0, 0.999333333333333, 1
4, 5690, 2, 1, 0, 0, 1, 1
4, 5691, 2, 1, 0, 0, 1, 1
4, 5692, 2, 1, 0, 0, 0.998533333333333, 1
4, 5693, 2, 1, 0, 0, 1, 1
4, 5694, 2, 1, 0, 0, 0.994, 1
4, 5695, 2, 1, 0, 0, 0.999733333333333, 1
4, 5696, 2, 1, 0, 0, 0.9756, 1
4, 5697, 2, 1, 0, 0, 0.999866666666667, 1
4, 5698, 2, 1, 0, 0, 0.9992, 1
4, 5699, 2, 1, 0, 0, 1, 1
4, 5700, 2, 1, 0, 0, 1, 1
4, 5701, 2, 1, 0, 0, 1, 1
4, 5702, 2, 1, 0, 0, 0.999866666666667, 1
4, 5703, 2, 1, 0, 0, 0.999066666666667, 1
4, 5704, 2, 0, 0, 1, 0.967066666666667, 1
4, 5705, 2, 1, 0, 0, 1, 1
4, 5706, 2, 1, 0, 0, 1, 1
4, 5707, 2, 1, 0, 0, 1, 1
4, 5708, 2, 0, 0, 1, 0.8824, 1
4, 5709, 2, 1, 0, 0, 0.999866666666667, 1
4, 5710, 2, 1, 0, 0, 0.998, 1
4, 5711, 2, 1, 0, 0, 0.996533333333333, 1
4, 5712, 2, 1, 0, 0, 0.976266666666667, 1
4, 5713, 2, 1, 0, 0, 1, 1
4, 5714, 2, 1, 0, 0, 1, 1
4, 5715, 2, 1, 0, 0, 1, 1
4, 5716, 2, 1, 0, 0, 0.997333333333333, 1
4, 5717, 2, 1, 0, 0, 1, 1
4, 5718, 2, 0, 0, 1, 0.7924, 1
4, 5719, 2, 1, 0, 0, 1, 1
4, 5720, 2, 1, 0, 0, 1, 1
4, 5721, 2, 0, 0, 1, 0.892933333333333, 1
4, 5722, 2, 1, 0, 0, 1, 1
4, 5723, 2, 0, 0, 1, 0.974133333333333, 1
4, 5724, 2, 1, 0, 0, 0.9996, 1
4, 5725, 2, 1, 0, 0, 0.999866666666667, 1
4, 5726, 2, 1, 0, 0, 1, 1
4, 5727, 2, 1, 0, 0, 1, 1
4, 5728, 2, 1, 0, 0, 0.995333333333333, 1
4, 5729, 2, 1, 0, 0, 0.998666666666667, 1
4, 5730, 2, 1, 0, 0, 0.9996, 1
4, 5731, 2, 1, 0, 0, 0.999733333333333, 1
4, 5732, 2, 1, 0, 0, 1, 1
4, 5733, 2, 1, 0, 0, 0.999733333333333, 1
4, 5734, 2, 1, 0, 0, 1, 1
4, 5735, 2, 1, 0, 0, 1, 1
4, 5736, 2, 1, 0, 0, 1, 1
4, 5737, 2, 1, 0, 0, 0.9976, 1
4, 5738, 2, 0, 0, 1, 0.973466666666667, 1
4, 5739, 2, 1, 0, 0, 0.999866666666667, 1
4, 5740, 2, 1, 0, 0, 0.999333333333333, 1
4, 5741, 2, 1, 0, 0, 0.985733333333333, 1
4, 5742, 2, 1, 0, 0, 0.999466666666667, 1
4, 5743, 2, 1, 0, 0, 0.997733333333333, 1
4, 5744, 2, 1, 0, 0, 1, 1
4, 5745, 2, 1, 0, 0, 1, 1
4, 5746, 2, 1, 0, 0, 1, 1
4, 5747, 2, 1, 0, 0, 0.9944, 1
4, 5748, 2, 0, 0, 1, 0.9716, 1
4, 5749, 2, 0, 0, 1, 0.8528, 1
4, 5750, 2, 1, 0, 0, 1, 1
4, 5751, 2, 1, 0, 0, 0.9964, 1
4, 5752, 2, 0, 0, 1, 0.858666666666667, 1
4, 5753, 2, 1, 0, 0, 1, 1
4, 5754, 2, 1, 0, 0, 1, 1
4, 5755, 2, 1, 0, 0, 1, 1
4, 5756, 2, 1, 0, 0, 0.998, 1
4, 5757, 2, 1, 0, 0, 0.999733333333333, 1
4, 5758, 2, 1, 0, 0, 1, 1
4, 5759, 2, 1, 0, 0, 1, 1
4, 5760, 2, 1, 0, 0, 1, 1
4, 5761, 2, 1, 0, 0, 0.998666666666667, 1
4, 5762, 2, 1, 0, 0, 0.999866666666667, 1
4, 5763, 2, 1, 0, 0, 0.999866666666667, 1
4, 5764, 2, 1, 0, 0, 1, 1
4, 5765, 2, 1, 0, 0, 0.992933333333333, 1
4, 5766, 2, 1, 0, 0, 1, 1
4, 5767, 2, 1, 0, 0, 1, 1
4, 5768, 2, 1, 0, 0, 1, 1
4, 5769, 2, 1, 0, 0, 1, 1
4, 5770, 2, 1, 0, 0, 0.999866666666667, 1
4, 5771, 2, 1, 0, 0, 1, 1
4, 5772, 2, 1, 0, 0, 0.999066666666667, 1
4, 5773, 2, 1, 0, 0, 0.9988, 1
4, 5774, 2, 1, 0, 0, 0.999866666666667, 1
4, 5775, 2, 1, 0, 0, 0.984266666666667, 1
4, 5776, 2, 1, 0, 0, 1, 1
4, 5777, 2, 1, 0, 0, 0.999333333333333, 1
4, 5778, 2, 1, 0, 0, 1, 1
4, 5779, 2, 1, 0, 0, 0.994266666666667, 1
4, 5780, 2, 1, 0, 0, 0.999733333333333, 1
4, 5781, 2, 1, 0, 0, 0.9888, 1
4, 5782, 2, 1, 0, 0, 1, 1
4, 5783, 2, 1, 0, 0, 1, 1
4, 5784, 2, 1, 0, 0, 1, 1
4, 5785, 2, 1, 0, 0, 1, 1
4, 5786, 2, 1, 0, 0, 0.999866666666667, 1
4, 5787, 2, 1, 0, 0, 1, 1
4, 5788, 2, 0, 0, 1, 0.9536, 1
4, 5789, 2, 1, 0, 0, 0.9908, 1
4, 5790, 2, 1, 0, 0, 1, 1
4, 5791, 2, 1, 0, 0, 0.994266666666667, 1
4, 5792, 2, 1, 0, 0, 0.997866666666667, 1
4, 5793, 2, 1, 0, 0, 0.9764, 1
4, 5794, 2, 1, 0, 0, 1, 1
4, 5795, 2, 1, 0, 0, 0.999066666666667, 1
4, 5796, 2, 1, 0, 0, 1, 1
4, 5797, 2, 1, 0, 0, 1, 1
4, 5798, 2, 1, 0, 0, 1, 1
4, 5799, 2, 1, 0, 0, 0.996, 1
4, 5800, 2, 1, 0, 0, 1, 1
4, 5801, 2, 1, 0, 0, 1, 1
4, 5802, 2, 1, 0, 0, 1, 1
4, 5803, 2, 0, 0, 1, 0.946933333333333, 1
4, 5804, 2, 1, 0, 0, 0.9996, 1
4, 5805, 2, 1, 0, 0, 0.975866666666667, 1
4, 5806, 2, 1, 0, 0, 0.994, 1
4, 5807, 2, 1, 0, 0, 1, 1
4, 5808, 2, 1, 0, 0, 0.999866666666667, 1
4, 5809, 2, 1, 0, 0, 0.994, 1
4, 5810, 2, 1, 0, 0, 1, 1
4, 5811, 2, 1, 0, 0, 1, 1
4, 5812, 2, 1, 0, 0, 1, 1
4, 5813, 2, 1, 0, 0, 0.998266666666667, 1
4, 5814, 2, 1, 0, 0, 0.999866666666667, 1
4, 5815, 2, 1, 0, 0, 0.9988, 1
4, 5816, 2, 1, 0, 0, 0.999066666666667, 1
4, 5817, 2, 1, 0, 0, 0.994266666666667, 1
4, 5818, 2, 1, 0, 0, 1, 1
4, 5819, 2, 1, 0, 0, 0.999866666666667, 1
4, 5820, 2, 1, 0, 0, 1, 1
4, 5821, 2, 1, 0, 0, 0.997466666666667, 1
4, 5822, 2, 1, 0, 0, 1, 1
4, 5823, 2, 1, 0, 0, 0.997333333333333, 1
4, 5824, 2, 1, 0, 0, 0.998533333333333, 1
4, 5825, 2, 1, 0, 0, 1, 1
4, 5826, 2, 1, 0, 0, 1, 1
4, 5827, 2, 0, 0, 1, 0.956666666666667, 1
4, 5828, 2, 1, 0, 0, 0.999733333333333, 1
4, 5829, 2, 1, 0, 0, 1, 1
4, 5830, 2, 1, 0, 0, 1, 1
4, 5831, 2, 1, 0, 0, 1, 1
4, 5832, 2, 1, 0, 0, 0.999333333333333, 1
4, 5833, 2, 1, 0, 0, 0.9984, 1
4, 5834, 2, 1, 0, 0, 0.999866666666667, 1
4, 5835, 2, 1, 0, 0, 0.994266666666667, 1
4, 5836, 2, 1, 0, 0, 1, 1
4, 5837, 2, 1, 0, 0, 1, 1
4, 5838, 2, 1, 0, 0, 1, 1
4, 5839, 2, 1, 0, 0, 0.998266666666667, 1
4, 5840, 2, 1, 0, 0, 0.999866666666667, 1
4, 5841, 2, 1, 0, 0, 1, 1
4, 5842, 2, 0, 0, 1, 0.955333333333333, 1
4, 5843, 2, 1, 0, 0, 0.999866666666667, 1
4, 5844, 2, 1, 0, 0, 1, 1
4, 5845, 2, 1, 0, 0, 0.9988, 1
4, 5846, 2, 1, 0, 0, 1, 1
4, 5847, 2, 1, 0, 0, 1, 1
4, 5848, 2, 1, 0, 0, 0.997466666666667, 1
4, 5849, 2, 1, 0, 0, 0.9996, 1
4, 5850, 2, 1, 0, 0, 0.999333333333333, 1
4, 5851, 2, 0, 0, 1, 0.972266666666667, 1
4, 5852, 2, 1, 0, 0, 1, 1
4, 5853, 2, 1, 0, 0, 0.990933333333333, 1
4, 5854, 2, 1, 0, 0, 1, 1
4, 5855, 2, 1, 0, 0, 1, 1
4, 5856, 2, 1, 0, 0, 1, 1
4, 5857, 2, 1, 0, 0, 0.999733333333333, 1
4, 5858, 2, 1, 0, 0, 0.999066666666667, 1
4, 5859, 2, 1, 0, 0, 0.9884, 1
4, 5860, 2, 1, 0, 0, 1, 1
4, 5861, 2, 1, 0, 0, 1, 1
4, 5862, 2, 1, 0, 0, 1, 1
4, 5863, 2, 1, 0, 0, 0.995066666666667, 1
4, 5864, 2, 1, 0, 0, 0.994266666666667, 1
4, 5865, 2, 1, 0, 0, 0.999866666666667, 1
4, 5866, 2, 1, 0, 0, 1, 1
4, 5867, 2, 1, 0, 0, 0.988266666666667, 1
4, 5868, 2, 1, 0, 0, 0.993333333333333, 1
4, 5869, 2, 1, 0, 0, 0.998133333333333, 1
4, 5870, 2, 1, 0, 0, 1, 1
4, 5871, 2, 1, 0, 0, 0.999866666666667, 1
4, 5872, 2, 1, 0, 0, 0.998666666666667, 1
4, 5873, 2, 0, 0, 1, 0.8932, 1
4, 5874, 2, 1, 0, 0, 1, 1
4, 5875, 2, 1, 0, 0, 0.998933333333333, 1
4, 5876, 2, 1, 0, 0, 0.9992, 1
4, 5877, 2, 1, 0, 0, 0.9996, 1
4, 5878, 2, 1, 0, 0, 1, 1
4, 5879, 2, 1, 0, 0, 1, 1
4, 5880, 2, 1, 0, 0, 1, 1
4, 5881, 2, 1, 0, 0, 0.9988, 1
4, 5882, 2, 1, 0, 0, 0.992266666666667, 1
4, 5883, 2, 1, 0, 0, 1, 1
4, 5884, 2, 1, 0, 0, 0.998266666666667, 1
4, 5885, 2, 1, 0, 0, 0.987866666666667, 1
4, 5886, 2, 1, 0, 0, 0.9984, 1
4, 5887, 2, 1, 0, 0, 0.999733333333333, 1
4, 5888, 2, 1, 0, 0, 0.997466666666667, 1
4, 5889, 2, 1, 0, 0, 0.998933333333333, 1
4, 5890, 2, 1, 0, 0, 1, 1
4, 5891, 2, 1, 0, 0, 1, 1
4, 5892, 2, 1, 0, 0, 0.996533333333333, 1
4, 5893, 2, 1, 0, 0, 0.999866666666667, 1
4, 5894, 2, 1, 0, 0, 0.999466666666667, 1
4, 5895, 2, 1, 0, 0, 0.9992, 1
4, 5896, 2, 1, 0, 0, 1, 1
4, 5897, 2, 1, 0, 0, 1, 1
4, 5898, 2, 1, 0, 0, 1, 1
4, 5899, 2, 1, 0, 0, 0.999733333333333, 1
4, 5900, 2, 1, 0, 0, 1, 1
4, 5901, 2, 1, 0, 0, 0.9996, 1
4, 5902, 2, 1, 0, 0, 0.999466666666667, 1
4, 5903, 2, 1, 0, 0, 0.999466666666667, 1
4, 5904, 2, 1, 0, 0, 0.993866666666667, 1
4, 5905, 2, 1, 0, 0, 1, 1
4, 5906, 2, 1, 0, 0, 0.981733333333333, 1
4, 5907, 2, 1, 0, 0, 1, 1
4, 5908, 2, 1, 0, 0, 0.9964, 1
4, 5909, 2, 0, 0, 1, 0.967866666666667, 1
4, 5910, 2, 1, 0, 0, 0.9972, 1
4, 5911, 2, 1, 0, 0, 0.997333333333333, 1
4, 5912, 2, 1, 0, 0, 0.9848, 1
4, 5913, 2, 1, 0, 0, 1, 1
4, 5914, 2, 1, 0, 0, 1, 1
4, 5915, 2, 1, 0, 0, 1, 1
4, 5916, 2, 1, 0, 0, 0.9932, 1
4, 5917, 2, 1, 0, 0, 1, 1
4, 5918, 2, 1, 0, 0, 0.987333333333333, 1
4, 5919, 2, 1, 0, 0, 0.987333333333333, 1
4, 5920, 2, 1, 0, 0, 0.999866666666667, 1
4, 5921, 2, 1, 0, 0, 0.998933333333333, 1
4, 5922, 2, 1, 0, 0, 0.9892, 1
4, 5923, 2, 1, 0, 0, 0.999866666666667, 1
4, 5924, 2, 1, 0, 0, 1, 1
4, 5925, 2, 1, 0, 0, 0.999333333333333, 1
4, 5926, 2, 1, 0, 0, 1, 1
4, 5927, 2, 1, 0, 0, 0.999866666666667, 1
4, 5928, 2, 1, 0, 0, 0.9868, 1
4, 5929, 2, 1, 0, 0, 0.989333333333333, 1
4, 5930, 2, 1, 0, 0, 1, 1
4, 5931, 2, 1, 0, 0, 0.997333333333333, 1
4, 5932, 2, 1, 0, 0, 0.9996, 1
4, 5933, 2, 1, 0, 0, 1, 1
4, 5934, 2, 1, 0, 0, 0.9988, 1
4, 5935, 2, 1, 0, 0, 0.9996, 1
4, 5936, 2, 1, 0, 0, 0.999866666666667, 1
4, 5937, 2, 1, 0, 0, 1, 1
4, 5938, 2, 1, 0, 0, 1, 1
4, 5939, 2, 1, 0, 0, 1, 1
4, 5940, 2, 1, 0, 0, 1, 1
4, 5941, 2, 1, 0, 0, 1, 1
4, 5942, 2, 1, 0, 0, 0.987466666666667, 1
4, 5943, 2, 1, 0, 0, 0.999866666666667, 1
4, 5944, 2, 1, 0, 0, 0.999866666666667, 1
4, 5945, 2, 1, 0, 0, 1, 1
4, 5946, 2, 1, 0, 0, 0.999066666666667, 1
4, 5947, 2, 0, 0, 1, 0.920933333333333, 1
4, 5948, 2, 1, 0, 0, 0.999866666666667, 1
4, 5949, 2, 1, 0, 0, 1, 1
4, 5950, 2, 0, 0, 1, 0.9572, 1
4, 5951, 2, 1, 0, 0, 0.9896, 1
4, 5952, 2, 1, 0, 0, 0.999733333333333, 1
4, 5953, 2, 0, 0, 1, 0.9028, 1
4, 5954, 2, 1, 0, 0, 0.976933333333333, 1
4, 5955, 2, 1, 0, 0, 0.999866666666667, 1
4, 5956, 2, 1, 0, 0, 0.999466666666667, 1
4, 5957, 2, 1, 0, 0, 0.998, 1
4, 5958, 2, 1, 0, 0, 0.9796, 1
4, 5959, 2, 1, 0, 0, 1, 1
4, 5960, 2, 1, 0, 0, 1, 1
4, 5961, 2, 1, 0, 0, 1, 1
4, 5962, 2, 1, 0, 0, 0.996666666666667, 1
4, 5963, 2, 1, 0, 0, 1, 1
4, 5964, 2, 0, 0, 1, 0.883066666666667, 1
4, 5965, 2, 1, 0, 0, 0.991866666666667, 1
4, 5966, 2, 1, 0, 0, 0.997466666666667, 1
4, 5967, 2, 1, 0, 0, 1, 1
4, 5968, 2, 1, 0, 0, 0.997466666666667, 1
4, 5969, 2, 1, 0, 0, 0.9992, 1
4, 5970, 2, 1, 0, 0, 1, 1
4, 5971, 2, 1, 0, 0, 0.9956, 1
4, 5972, 2, 1, 0, 0, 0.999466666666667, 1
4, 5973, 2, 1, 0, 0, 1, 1
4, 5974, 2, 1, 0, 0, 0.999866666666667, 1
4, 5975, 2, 1, 0, 0, 0.999866666666667, 1
4, 5976, 2, 1, 0, 0, 1, 1
4, 5977, 2, 1, 0, 0, 0.9996, 1
4, 5978, 2, 1, 0, 0, 0.9996, 1
4, 5979, 2, 1, 0, 0, 0.996, 1
4, 5980, 2, 1, 0, 0, 0.9996, 1
4, 5981, 2, 1, 0, 0, 0.994933333333333, 1
4, 5982, 2, 1, 0, 0, 0.997733333333333, 1
4, 5983, 2, 0, 0, 1, 0.925066666666667, 1
4, 5984, 2, 1, 0, 0, 0.999866666666667, 1
4, 5985, 2, 1, 0, 0, 0.999866666666667, 1
4, 5986, 2, 1, 0, 0, 0.999866666666667, 1
4, 5987, 2, 1, 0, 0, 0.999733333333333, 1
4, 5988, 2, 1, 0, 0, 0.9932, 1
4, 5989, 2, 1, 0, 0, 0.999466666666667, 1
4, 5990, 2, 1, 0, 0, 0.999066666666667, 1
4, 5991, 2, 1, 0, 0, 1, 1
4, 5992, 2, 1, 0, 0, 0.999866666666667, 1
4, 5993, 2, 1, 0, 0, 0.9992, 1
4, 5994, 2, 1, 0, 0, 0.9892, 1
4, 5995, 2, 1, 0, 0, 1, 1
4, 5996, 2, 1, 0, 0, 0.999866666666667, 1
4, 5997, 2, 1, 0, 0, 0.9996, 1
4, 5998, 2, 1, 0, 0, 0.994, 1
4, 5999, 2, 1, 0, 0, 0.9988, 1
4, 6000, 2, 1, 0, 0, 0.9776, 1
4, 6001, 2, 0, 1, 0, 0.0206666666666667, 1
4, 6002, 2, 0, 0, 1, 0.185733333333333, 1
4, 6003, 2, 0, 0, 1, 0.354933333333333, 1
4, 6004, 2, 0, 0, 1, 0.330266666666667, 1
4, 6005, 2, 0, 1, 0, 0.00906666666666667, 1
4, 6006, 2, 0, 0, 1, 0.424133333333333, 1
4, 6007, 2, 0, 0, 1, 0.661866666666667, 1
4, 6008, 2, 0, 0, 1, 0.934533333333333, 1
4, 6009, 2, 0, 0, 1, 0.605466666666667, 1
4, 6010, 2, 0, 0, 1, 0.726666666666667, 1
4, 6011, 2, 0, 0, 1, 0.584266666666667, 1
4, 6012, 2, 0, 0, 1, 0.948, 1
4, 6013, 2, 0, 0, 1, 0.832933333333333, 1
4, 6014, 2, 0, 0, 1, 0.800266666666667, 1
4, 6015, 2, 0, 0, 1, 0.460533333333333, 1
4, 6016, 2, 0, 0, 1, 0.0732, 1
4, 6017, 2, 0, 0, 1, 0.499466666666667, 1
4, 6018, 2, 0, 0, 1, 0.129466666666667, 1
4, 6019, 2, 0, 0, 1, 0.742666666666667, 1
4, 6020, 2, 0, 0, 1, 0.325866666666667, 1
4, 6021, 2, 0, 0, 1, 0.853333333333333, 1
4, 6022, 2, 0, 0, 1, 0.93, 1
4, 6023, 2, 0, 0, 1, 0.364533333333333, 1
4, 6024, 2, 0, 0, 1, 0.228533333333333, 1
4, 6025, 2, 0, 0, 1, 0.798533333333333, 1
4, 6026, 2, 0, 0, 1, 0.238933333333333, 1
4, 6027, 2, 0, 0, 1, 0.4708, 1
4, 6028, 2, 0, 1, 0, 0.0488, 1
4, 6029, 2, 0, 0, 1, 0.748933333333333, 1
4, 6030, 2, 0, 0, 1, 0.0901333333333333, 1
4, 6031, 2, 0, 0, 1, 0.269066666666667, 1
4, 6032, 2, 0, 0, 1, 0.570533333333333, 1
4, 6033, 2, 0, 0, 1, 0.166266666666667, 1
4, 6034, 2, 0, 0, 1, 0.481866666666667, 1
4, 6035, 2, 1, 0, 0, 0.994133333333333, 1
4, 6036, 2, 0, 1, 0, 0.0113333333333333, 1
4, 6037, 2, 0, 0, 1, 0.4892, 1
4, 6038, 2, 0, 0, 1, 0.908266666666667, 1
4, 6039, 2, 0, 0, 1, 0.636533333333333, 1
4, 6040, 2, 0, 0, 1, 0.606533333333333, 1
4, 6041, 2, 0, 0, 1, 0.22, 1
4, 6042, 2, 0, 0, 1, 0.345866666666667, 1
4, 6043, 2, 0, 0, 1, 0.611333333333333, 1
4, 6044, 2, 0, 0, 1, 0.578, 1
4, 6045, 2, 0, 0, 1, 0.5524, 1
4, 6046, 2, 0, 0, 1, 0.597466666666667, 1
4, 6047, 2, 0, 0, 1, 0.266266666666667, 1
4, 6048, 2, 0, 0, 1, 0.4336, 1
4, 6049, 2, 0, 0, 1, 0.189733333333333, 1
4, 6050, 2, 0, 0, 1, 0.086, 1
4, 6051, 2, 0, 0, 1, 0.8972, 1
4, 6052, 2, 0, 0, 1, 0.233333333333333, 1
4, 6053, 2, 0, 0, 1, 0.6668, 1
4, 6054, 2, 0, 0, 1, 0.650533333333333, 1
4, 6055, 2, 0, 0, 1, 0.805466666666667, 1
4, 6056, 2, 0, 0, 1, 0.852, 1
4, 6057, 2, 0, 1, 0, 0.0396, 1
4, 6058, 2, 0, 0, 1, 0.389333333333333, 1
4, 6059, 2, 0, 0, 1, 0.759466666666667, 1
4, 6060, 2, 0, 1, 0, 0.00373333333333333, 1
4, 6061, 2, 0, 0, 1, 0.912533333333333, 1
4, 6062, 2, 0, 1, 0, 0.0477333333333333, 1
4, 6063, 2, 0, 0, 1, 0.963866666666667, 1
4, 6064, 2, 1, 0, 0, 0.984666666666667, 1
4, 6065, 2, 0, 0, 1, 0.755733333333333, 1
4, 6066, 2, 0, 0, 1, 0.832533333333333, 1
4, 6067, 2, 0, 0, 1, 0.957066666666667, 1
4, 6068, 2, 0, 0, 1, 0.0613333333333333, 1
4, 6069, 2, 0, 0, 1, 0.2728, 1
4, 6070, 2, 0, 0, 1, 0.320933333333333, 1
4, 6071, 2, 0, 0, 1, 0.178133333333333, 1
4, 6072, 2, 0, 0, 1, 0.120533333333333, 1
4, 6073, 2, 0, 0, 1, 0.8452, 1
4, 6074, 2, 0, 0, 1, 0.943466666666667, 1
4, 6075, 2, 0, 0, 1, 0.647866666666667, 1
4, 6076, 2, 0, 0, 1, 0.348133333333333, 1
4, 6077, 2, 1, 0, 0, 1, 1
4, 6078, 2, 0, 0, 1, 0.928, 1
4, 6079, 2, 0, 0, 1, 0.914, 1
4, 6080, 2, 0, 0, 1, 0.159466666666667, 1
4, 6081, 2, 0, 0, 1, 0.8884, 1
4, 6082, 2, 0, 0, 1, 0.160933333333333, 1
4, 6083, 2, 0, 1, 0, 0.0185333333333333, 1
4, 6084, 2, 0, 0, 1, 0.584533333333333, 1
4, 6085, 2, 0, 0, 1, 0.573733333333333, 1
4, 6086, 2, 0, 0, 1, 0.903066666666667, 1
4, 6087, 2, 1, 0, 0, 0.992666666666667, 1
4, 6088, 2, 0, 0, 1, 0.2896, 1
4, 6089, 2, 0, 0, 1, 0.112933333333333, 1
4, 6090, 2, 0, 0, 1, 0.695466666666667, 1
4, 6091, 2, 0, 0, 1, 0.7976, 1
4, 6092, 2, 0, 0, 1, 0.264533333333333, 1
4, 6093, 2, 0, 0, 1, 0.254533333333333, 1
4, 6094, 2, 0, 0, 1, 0.396666666666667, 1
4, 6095, 2, 0, 0, 1, 0.363333333333333, 1
4, 6096, 2, 0, 0, 1, 0.9656, 1
4, 6097, 2, 0, 0, 1, 0.633866666666667, 1
4, 6098, 2, 0, 0, 1, 0.369733333333333, 1
4, 6099, 2, 0, 0, 1, 0.582, 1
4, 6100, 2, 0, 0, 1, 0.590133333333333, 1
4, 6101, 2, 0, 0, 1, 0.861866666666667, 1
4, 6102, 2, 0, 0, 1, 0.365733333333333, 1
4, 6103, 2, 0, 0, 1, 0.677733333333333, 1
4, 6104, 2, 0, 0, 1, 0.9016, 1
4, 6105, 2, 0, 0, 1, 0.637333333333333, 1
4, 6106, 2, 1, 0, 0, 0.992, 1
4, 6107, 2, 0, 0, 1, 0.253733333333333, 1
4, 6108, 2, 0, 1, 0, 0.0108, 1
4, 6109, 2, 0, 0, 1, 0.646133333333333, 1
4, 6110, 2, 0, 0, 1, 0.3532, 1
4, 6111, 2, 0, 0, 1, 0.3668, 1
4, 6112, 2, 1, 0, 0, 0.982533333333333, 1
4, 6113, 2, 0, 0, 1, 0.787466666666667, 1
4, 6114, 2, 0, 0, 1, 0.877466666666667, 1
4, 6115, 2, 0, 0, 1, 0.820666666666667, 1
4, 6116, 2, 0, 0, 1, 0.216666666666667, 1
4, 6117, 2, 0, 0, 1, 0.920933333333333, 1
4, 6118, 2, 0, 1, 0, 0.0408, 1
4, 6119, 2, 0, 1, 0, 0.0414666666666667, 1
4, 6120, 2, 0, 0, 1, 0.710533333333333, 1
4, 6121, 2, 0, 0, 1, 0.6936, 1
4, 6122, 2, 0, 0, 1, 0.3056, 1
4, 6123, 2, 0, 1, 0, 0.0474666666666667, 1
4, 6124, 2, 0, 0, 1, 0.844933333333333, 1
4, 6125, 2, 0, 0, 1, 0.164, 1
4, 6126, 2, 0, 0, 1, 0.974533333333333, 1
4, 6127, 2, 0, 0, 1, 0.173733333333333, 1
4, 6128, 2, 0, 1, 0, 0.0436, 1
4, 6129, 2, 0, 0, 1, 0.4104, 1
4, 6130, 2, 0, 0, 1, 0.912933333333333, 1
4, 6131, 2, 0, 0, 1, 0.270266666666667, 1
4, 6132, 2, 0, 0, 1, 0.8976, 1
4, 6133, 2, 0, 0, 1, 0.1612, 1
4, 6134, 2, 0, 0, 1, 0.463466666666667, 1
4, 6135, 2, 0, 0, 1, 0.206133333333333, 1
4, 6136, 2, 0, 0, 1, 0.5728, 1
4, 6137, 2, 0, 0, 1, 0.569466666666667, 1
4, 6138, 2, 0, 0, 1, 0.130933333333333, 1
4, 6139, 2, 0, 0, 1, 0.902133333333333, 1
4, 6140, 2, 1, 0, 0, 0.9988, 1
4, 6141, 2, 0, 0, 1, 0.3404, 1
4, 6142, 2, 0, 0, 1, 0.142533333333333, 1
4, 6143, 2, 0, 1, 0, 0.0466666666666667, 1
4, 6144, 2, 0, 0, 1, 0.4764, 1
4, 6145, 2, 0, 0, 1, 0.626533333333333, 1
4, 6146, 2, 0, 0, 1, 0.147733333333333, 1
4, 6147, 2, 0, 0, 1, 0.2616, 1
4, 6148, 2, 0, 0, 1, 0.141866666666667, 1
4, 6149, 2, 0, 1, 0, 0.0317333333333333, 1
4, 6150, 2, 0, 0, 1, 0.3248, 1
4, 6151, 2, 0, 0, 1, 0.143733333333333, 1
4, 6152, 2, 0, 0, 1, 0.116, 1
4, 6153, 2, 0, 0, 1, 0.595866666666667, 1
4, 6154, 2, 0, 0, 1, 0.192133333333333, 1
4, 6155, 2, 0, 0, 1, 0.373866666666667, 1
4, 6156, 2, 0, 0, 1, 0.625333333333333, 1
4, 6157, 2, 0, 0, 1, 0.672266666666667, 1
4, 6158, 2, 0, 0, 1, 0.1668, 1
4, 6159, 2, 0, 0, 1, 0.7324, 1
4, 6160, 2, 0, 0, 1, 0.316133333333333, 1
4, 6161, 2, 0, 0, 1, 0.904533333333333, 1
4, 6162, 2, 0, 0, 1, 0.7284, 1
4, 6163, 2, 1, 0, 0, 0.9776, 1
4, 6164, 2, 0, 0, 1, 0.183333333333333, 1
4, 6165, 2, 0, 0, 1, 0.3888, 1
4, 6166, 2, 0, 0, 1, 0.652, 1
4, 6167, 2, 0, 0, 1, 0.659466666666667, 1
4, 6168, 2, 0, 0, 1, 0.682666666666667, 1
4, 6169, 2, 0, 0, 1, 0.504666666666667, 1
4, 6170, 2, 0, 0, 1, 0.368666666666667, 1
4, 6171, 2, 0, 0, 1, 0.756266666666667, 1
4, 6172, 2, 0, 0, 1, 0.7092, 1
4, 6173, 2, 0, 0, 1, 0.396266666666667, 1
4, 6174, 2, 0, 0, 1, 0.684133333333333, 1
4, 6175, 2, 0, 0, 1, 0.0786666666666667, 1
4, 6176, 2, 0, 0, 1, 0.8392, 1
4, 6177, 2, 0, 1, 0, 0.0170666666666667, 1
4, 6178, 2, 0, 1, 0, 0.0346666666666667, 1
4, 6179, 2, 0, 0, 1, 0.385466666666667, 1
4, 6180, 2, 0, 0, 1, 0.537066666666667, 1
4, 6181, 2, 0, 0, 1, 0.732533333333333, 1
4, 6182, 2, 0, 0, 1, 0.838533333333333, 1
4, 6183, 2, 0, 0, 1, 0.8564, 1
4, 6184, 2, 0, 0, 1, 0.5488, 1
4, 6185, 2, 0, 0, 1, 0.930133333333333, 1
4, 6186, 2, 0, 0, 1, 0.829466666666667, 1
4, 6187, 2, 0, 0, 1, 0.870933333333333, 1
4, 6188, 2, 0, 0, 1, 0.733866666666667, 1
4, 6189, 2, 0, 0, 1, 0.4564, 1
4, 6190, 2, 1, 0, 0, 0.998, 1
4, 6191, 2, 0, 0, 1, 0.494666666666667, 1
4, 6192, 2, 0, 0, 1, 0.7948, 1
4, 6193, 2, 0, 0, 1, 0.8524, 1
4, 6194, 2, 0, 0, 1, 0.972933333333333, 1
4, 6195, 2, 0, 0, 1, 0.431866666666667, 1
4, 6196, 2, 0, 0, 1, 0.784933333333333, 1
4, 6197, 2, 0, 0, 1, 0.0573333333333333, 1
4, 6198, 2, 0, 0, 1, 0.505866666666667, 1
4, 6199, 2, 0, 0, 1, 0.684666666666667, 1
4, 6200, 2, 0, 1, 0, 0.0241333333333333, 1
4, 6201, 2, 0, 0, 1, 0.485733333333333, 1
4, 6202, 2, 0, 0, 1, 0.759066666666667, 1
4, 6203, 2, 0, 0, 1, 0.88, 1
4, 6204, 2, 0, 0, 1, 0.706933333333333, 1
4, 6205, 2, 0, 0, 1, 0.584666666666667, 1
4, 6206, 2, 0, 0, 1, 0.415866666666667, 1
4, 6207, 2, 0, 0, 1, 0.5116, 1
4, 6208, 2, 0, 0, 1, 0.760133333333333, 1
4, 6209, 2, 0, 0, 1, 0.478533333333333, 1
4, 6210, 2, 0, 1, 0, 0.0285333333333333, 1
4, 6211, 2, 0, 0, 1, 0.5932, 1
4, 6212, 2, 0, 0, 1, 0.263466666666667, 1
4, 6213, 2, 0, 0, 1, 0.2832, 1
4, 6214, 2, 0, 1, 0, 0.004, 1
4, 6215, 2, 0, 0, 1, 0.2508, 1
4, 6216, 2, 0, 0, 1, 0.0774666666666667, 1
4, 6217, 2, 0, 0, 1, 0.9676, 1
4, 6218, 2, 0, 0, 1, 0.356, 1
4, 6219, 2, 0, 0, 1, 0.2312, 1
4, 6220, 2, 0, 0, 1, 0.7612, 1
4, 6221, 2, 0, 0, 1, 0.411466666666667, 1
4, 6222, 2, 0, 1, 0, 0.0332, 1
4, 6223, 2, 0, 0, 1, 0.874666666666667, 1
4, 6224, 2, 0, 0, 1, 0.851866666666667, 1
4, 6225, 2, 0, 0, 1, 0.3872, 1
4, 6226, 2, 0, 0, 1, 0.5892, 1
4, 6227, 2, 0, 0, 1, 0.8548, 1
4, 6228, 2, 0, 0, 1, 0.400533333333333, 1
4, 6229, 2, 0, 0, 1, 0.395733333333333, 1
4, 6230, 2, 0, 0, 1, 0.116266666666667, 1
4, 6231, 2, 0, 0, 1, 0.554, 1
4, 6232, 2, 0, 1, 0, 0.0296, 1
4, 6233, 2, 0, 0, 1, 0.850666666666667, 1
4, 6234, 2, 0, 0, 1, 0.4848, 1
4, 6235, 2, 0, 0, 1, 0.5856, 1
4, 6236, 2, 0, 0, 1, 0.5712, 1
4, 6237, 2, 0, 0, 1, 0.7904, 1
4, 6238, 2, 0, 0, 1, 0.182266666666667, 1
4, 6239, 2, 0, 0, 1, 0.665466666666667, 1
4, 6240, 2, 0, 0, 1, 0.801066666666667, 1
4, 6241, 2, 0, 0, 1, 0.596266666666667, 1
4, 6242, 2, 0, 0, 1, 0.743333333333333, 1
4, 6243, 2, 0, 0, 1, 0.207466666666667, 1
4, 6244, 2, 0, 0, 1, 0.709066666666667, 1
4, 6245, 2, 0, 0, 1, 0.3028, 1
4, 6246, 2, 0, 0, 1, 0.280933333333333, 1
4, 6247, 2, 0, 1, 0, 0.00973333333333333, 1
4, 6248, 2, 0, 1, 0, 0.0225333333333333, 1
4, 6249, 2, 0, 0, 1, 0.743333333333333, 1
4, 6250, 2, 0, 0, 1, 0.953066666666667, 1
4, 6251, 2, 0, 0, 1, 0.455333333333333, 1
4, 6252, 2, 0, 1, 0, 0.0401333333333333, 1
4, 6253, 2, 0, 0, 1, 0.676533333333333, 1
4, 6254, 2, 0, 0, 1, 0.1496, 1
4, 6255, 2, 0, 0, 1, 0.718666666666667, 1
4, 6256, 2, 0, 0, 1, 0.905466666666667, 1
4, 6257, 2, 0, 0, 1, 0.365333333333333, 1
4, 6258, 2, 0, 0, 1, 0.417333333333333, 1
4, 6259, 2, 0, 0, 1, 0.9124, 1
4, 6260, 2, 0, 0, 1, 0.8716, 1
4, 6261, 2, 0, 0, 1, 0.169866666666667, 1
4, 6262, 2, 0, 0, 1, 0.8128, 1
4, 6263, 2, 0, 0, 1, 0.237733333333333, 1
4, 6264, 2, 1, 0, 0, 0.989866666666667, 1
4, 6265, 2, 0, 0, 1, 0.611733333333333, 1
4, 6266, 2, 0, 0, 1, 0.820933333333333, 1
4, 6267, 2, 0, 1, 0, 0.0409333333333333, 1
4, 6268, 2, 0, 0, 1, 0.2444, 1
4, 6269, 2, 0, 0, 1, 0.7536, 1
4, 6270, 2, 0, 0, 1, 0.350266666666667, 1
4, 6271, 2, 0, 0, 1, 0.673733333333333, 1
4, 6272, 2, 0, 0, 1, 0.602133333333333, 1
4, 6273, 2, 0, 0, 1, 0.883333333333333, 1
4, 6274, 2, 0, 1, 0, 0.0481333333333333, 1
4, 6275, 2, 0, 0, 1, 0.678266666666667, 1
4, 6276, 2, 0, 0, 1, 0.9028, 1
4, 6277, 2, 0, 0, 1, 0.667733333333333, 1
4, 6278, 2, 0, 0, 1, 0.0870666666666667, 1
4, 6279, 2, 0, 0, 1, 0.198666666666667, 1
4, 6280, 2, 0, 0, 1, 0.439466666666667, 1
4, 6281, 2, 0, 0, 1, 0.739866666666667, 1
4, 6282, 2, 0, 0, 1, 0.669866666666667, 1
4, 6283, 2, 0, 0, 1, 0.45, 1
4, 6284, 2, 0, 0, 1, 0.752, 1
4, 6285, 2, 0, 0, 1, 0.1168, 1
4, 6286, 2, 0, 0, 1, 0.234, 1
4, 6287, 2, 0, 1, 0, 0.000133333333333333, 1
4, 6288, 2, 0, 0, 1, 0.462666666666667, 1
4, 6289, 2, 0, 0, 1, 0.156266666666667, 1
4, 6290, 2, 0, 0, 1, 0.953066666666667, 1
4, 6291, 2, 0, 0, 1, 0.8124, 1
4, 6292, 2, 0, 0, 1, 0.8544, 1
4, 6293, 2, 0, 0, 1, 0.744, 1
4, 6294, 2, 1, 0, 0, 0.975066666666667, 1
4, 6295, 2, 0, 0, 1, 0.3312, 1
4, 6296, 2, 0, 0, 1, 0.06, 1
4, 6297, 2, 0, 0, 1, 0.3508, 1
4, 6298, 2, 0, 0, 1, 0.282666666666667, 1
4, 6299, 2, 0, 0, 1, 0.883733333333333, 1
4, 6300, 2, 0, 0, 1, 0.2088, 1
4, 6301, 2, 0, 0, 1, 0.8776, 1
4, 6302, 2, 0, 0, 1, 0.922133333333333, 1
4, 6303, 2, 0, 0, 1, 0.5832, 1
4, 6304, 2, 0, 0, 1, 0.231733333333333, 1
4, 6305, 2, 0, 0, 1, 0.3596, 1
4, 6306, 2, 0, 0, 1, 0.859866666666667, 1
4, 6307, 2, 0, 0, 1, 0.571066666666667, 1
4, 6308, 2, 0, 0, 1, 0.422, 1
4, 6309, 2, 0, 0, 1, 0.0882666666666667, 1
4, 6310, 2, 0, 1, 0, 0.0326666666666667, 1
4, 6311, 2, 0, 0, 1, 0.6356, 1
4, 6312, 2, 0, 1, 0, 0.0124, 1
4, 6313, 2, 0, 0, 1, 0.3164, 1
4, 6314, 2, 1, 0, 0, 0.998266666666667, 1
4, 6315, 2, 0, 0, 1, 0.450933333333333, 1
4, 6316, 2, 0, 0, 1, 0.193066666666667, 1
4, 6317, 2, 0, 0, 1, 0.623733333333333, 1
4, 6318, 2, 0, 0, 1, 0.420666666666667, 1
4, 6319, 2, 0, 0, 1, 0.504933333333333, 1
4, 6320, 2, 0, 0, 1, 0.0589333333333333, 1
4, 6321, 2, 0, 0, 1, 0.705733333333333, 1
4, 6322, 2, 0, 0, 1, 0.110666666666667, 1
4, 6323, 2, 0, 0, 1, 0.873466666666667, 1
4, 6324, 2, 0, 0, 1, 0.0517333333333333, 1
4, 6325, 2, 0, 1, 0, 0.044, 1
4, 6326, 2, 0, 0, 1, 0.349733333333333, 1
4, 6327, 2, 0, 1, 0, 0.0238666666666667, 1
4, 6328, 2, 0, 0, 1, 0.7312, 1
4, 6329, 2, 0, 0, 1, 0.253333333333333, 1
4, 6330, 2, 0, 0, 1, 0.244266666666667, 1
4, 6331, 2, 0, 0, 1, 0.493733333333333, 1
4, 6332, 2, 0, 0, 1, 0.132266666666667, 1
4, 6333, 2, 0, 0, 1, 0.806933333333333, 1
4, 6334, 2, 0, 0, 1, 0.146133333333333, 1
4, 6335, 2, 0, 0, 1, 0.3488, 1
4, 6336, 2, 0, 0, 1, 0.401866666666667, 1
4, 6337, 2, 0, 0, 1, 0.4204, 1
4, 6338, 2, 0, 0, 1, 0.7624, 1
4, 6339, 2, 0, 0, 1, 0.246266666666667, 1
4, 6340, 2, 0, 0, 1, 0.401733333333333, 1
4, 6341, 2, 0, 0, 1, 0.434533333333333, 1
4, 6342, 2, 0, 0, 1, 0.9364, 1
4, 6343, 2, 0, 0, 1, 0.589466666666667, 1
4, 6344, 2, 0, 0, 1, 0.922533333333333, 1
4, 6345, 2, 0, 0, 1, 0.4948, 1
4, 6346, 2, 0, 0, 1, 0.3924, 1
4, 6347, 2, 0, 0, 1, 0.849733333333333, 1
4, 6348, 2, 0, 0, 1, 0.106, 1
4, 6349, 2, 0, 1, 0, 0.0397333333333333, 1
4, 6350, 2, 0, 0, 1, 0.288, 1
4, 6351, 2, 0, 0, 1, 0.660533333333333, 1
4, 6352, 2, 0, 0, 1, 0.6752, 1
4, 6353, 2, 0, 0, 1, 0.663866666666667, 1
4, 6354, 2, 0, 0, 1, 0.291066666666667, 1
4, 6355, 2, 0, 0, 1, 0.5664, 1
4, 6356, 2, 0, 0, 1, 0.106933333333333, 1
4, 6357, 2, 0, 0, 1, 0.305866666666667, 1
4, 6358, 2, 0, 1, 0, 0.0438666666666667, 1
4, 6359, 2, 0, 0, 1, 0.485333333333333, 1
4, 6360, 2, 0, 0, 1, 0.763466666666667, 1
4, 6361, 2, 0, 0, 1, 0.3384, 1
4, 6362, 2, 0, 1, 0, 0.0130666666666667, 1
4, 6363, 2, 0, 0, 1, 0.784, 1
4, 6364, 2, 0, 0, 1, 0.330266666666667, 1
4, 6365, 2, 0, 0, 1, 0.299733333333333, 1
4, 6366, 2, 0, 0, 1, 0.9044, 1
4, 6367, 2, 0, 0, 1, 0.8872, 1
4, 6368, 2, 0, 0, 1, 0.4532, 1
4, 6369, 2, 0, 0, 1, 0.0857333333333333, 1
4, 6370, 2, 1, 0, 0, 0.993733333333333, 1
4, 6371, 2, 0, 1, 0, 0.0146666666666667, 1
4, 6372, 2, 0, 1, 0, 0.0229333333333333, 1
4, 6373, 2, 0, 0, 1, 0.599066666666667, 1
4, 6374, 2, 0, 0, 1, 0.3148, 1
4, 6375, 2, 0, 0, 1, 0.5004, 1
4, 6376, 2, 0, 0, 1, 0.713333333333333, 1
4, 6377, 2, 0, 0, 1, 0.792933333333333, 1
4, 6378, 2, 0, 0, 1, 0.817333333333333, 1
4, 6379, 2, 0, 0, 1, 0.897066666666667, 1
4, 6380, 2, 0, 0, 1, 0.0844, 1
4, 6381, 2, 0, 0, 1, 0.798, 1
4, 6382, 2, 0, 0, 1, 0.243866666666667, 1
4, 6383, 2, 0, 0, 1, 0.808666666666667, 1
4, 6384, 2, 0, 0, 1, 0.927866666666667, 1
4, 6385, 2, 1, 0, 0, 0.995466666666667, 1
4, 6386, 2, 0, 0, 1, 0.9372, 1
4, 6387, 2, 0, 0, 1, 0.969333333333333, 1
4, 6388, 2, 0, 0, 1, 0.801733333333333, 1
4, 6389, 2, 0, 0, 1, 0.910666666666667, 1
4, 6390, 2, 0, 0, 1, 0.8188, 1
4, 6391, 2, 0, 0, 1, 0.135066666666667, 1
4, 6392, 2, 0, 0, 1, 0.5088, 1
4, 6393, 2, 0, 0, 1, 0.546933333333333, 1
4, 6394, 2, 0, 0, 1, 0.845466666666667, 1
4, 6395, 2, 0, 0, 1, 0.1152, 1
4, 6396, 2, 0, 0, 1, 0.950933333333333, 1
4, 6397, 2, 0, 0, 1, 0.319733333333333, 1
4, 6398, 2, 0, 0, 1, 0.1896, 1
4, 6399, 2, 0, 0, 1, 0.631466666666667, 1
4, 6400, 2, 0, 0, 1, 0.136133333333333, 1
4, 6401, 2, 0, 0, 1, 0.851466666666667, 1
4, 6402, 2, 0, 0, 1, 0.700266666666667, 1
4, 6403, 2, 0, 0, 1, 0.7536, 1
4, 6404, 2, 0, 0, 1, 0.840666666666667, 1
4, 6405, 2, 0, 0, 1, 0.818666666666667, 1
4, 6406, 2, 0, 0, 1, 0.628533333333333, 1
4, 6407, 2, 0, 0, 1, 0.455866666666667, 1
4, 6408, 2, 0, 0, 1, 0.6856, 1
4, 6409, 2, 0, 0, 1, 0.1976, 1
4, 6410, 2, 0, 0, 1, 0.521466666666667, 1
4, 6411, 2, 0, 0, 1, 0.381066666666667, 1
4, 6412, 2, 0, 0, 1, 0.292133333333333, 1
4, 6413, 2, 0, 0, 1, 0.3392, 1
4, 6414, 2, 0, 0, 1, 0.968533333333333, 1
4, 6415, 2, 0, 0, 1, 0.435866666666667, 1
4, 6416, 2, 0, 0, 1, 0.806133333333333, 1
4, 6417, 2, 0, 0, 1, 0.272133333333333, 1
4, 6418, 2, 0, 0, 1, 0.877066666666667, 1
4, 6419, 2, 0, 0, 1, 0.349466666666667, 1
4, 6420, 2, 0, 0, 1, 0.225733333333333, 1
4, 6421, 2, 0, 0, 1, 0.6704, 1
4, 6422, 2, 0, 0, 1, 0.7904, 1
4, 6423, 2, 0, 0, 1, 0.904, 1
4, 6424, 2, 0, 1, 0, 0.0348, 1
4, 6425, 2, 0, 0, 1, 0.4204, 1
4, 6426, 2, 0, 0, 1, 0.631333333333333, 1
4, 6427, 2, 0, 0, 1, 0.84, 1
4, 6428, 2, 0, 0, 1, 0.146533333333333, 1
4, 6429, 2, 0, 0, 1, 0.617466666666667, 1
4, 6430, 2, 0, 0, 1, 0.811333333333333, 1
4, 6431, 2, 1, 0, 0, 0.986933333333333, 1
4, 6432, 2, 0, 1, 0, 0.0126666666666667, 1
4, 6433, 2, 0, 0, 1, 0.7916, 1
4, 6434, 2, 0, 0, 1, 0.671333333333333, 1
4, 6435, 2, 0, 0, 1, 0.929066666666667, 1
4, 6436, 2, 0, 0, 1, 0.846, 1
4, 6437, 2, 0, 0, 1, 0.794133333333333, 1
4, 6438, 2, 0, 1, 0, 0.00973333333333333, 1
4, 6439, 2, 0, 0, 1, 0.137466666666667, 1
4, 6440, 2, 0, 0, 1, 0.390533333333333, 1
4, 6441, 2, 0, 0, 1, 0.735866666666667, 1
4, 6442, 2, 0, 0, 1, 0.949466666666667, 1
4, 6443, 2, 0, 0, 1, 0.612933333333333, 1
4, 6444, 2, 0, 0, 1, 0.662933333333333, 1
4, 6445, 2, 0, 0, 1, 0.176533333333333, 1
4, 6446, 2, 0, 0, 1, 0.368933333333333, 1
4, 6447, 2, 0, 0, 1, 0.625066666666667, 1
4, 6448, 2, 0, 0, 1, 0.382933333333333, 1
4, 6449, 2, 0, 0, 1, 0.2768, 1
4, 6450, 2, 0, 0, 1, 0.8496, 1
4, 6451, 2, 0, 1, 0, 0.0298666666666667, 1
4, 6452, 2, 0, 0, 1, 0.0721333333333333, 1
4, 6453, 2, 0, 0, 1, 0.402, 1
4, 6454, 2, 0, 0, 1, 0.572933333333333, 1
4, 6455, 2, 0, 0, 1, 0.872666666666667, 1
4, 6456, 2, 0, 0, 1, 0.7176, 1
4, 6457, 2, 0, 0, 1, 0.113733333333333, 1
4, 6458, 2, 0, 0, 1, 0.243466666666667, 1
4, 6459, 2, 0, 0, 1, 0.302266666666667, 1
4, 6460, 2, 0, 0, 1, 0.138266666666667, 1
4, 6461, 2, 0, 0, 1, 0.6052, 1
4, 6462, 2, 0, 0, 1, 0.936, 1
4, 6463, 2, 1, 0, 0, 0.980666666666667, 1
4, 6464, 2, 0, 1, 0, 0.00186666666666667, 1
4, 6465, 2, 0, 0, 1, 0.630533333333333, 1
4, 6466, 2, 0, 0, 1, 0.358533333333333, 1
4, 6467, 2, 0, 0, 1, 0.478533333333333, 1
4, 6468, 2, 0, 0, 1, 0.2168, 1
4, 6469, 2, 0, 0, 1, 0.790266666666667, 1
4, 6470, 2, 0, 0, 1, 0.427066666666667, 1
4, 6471, 2, 0, 0, 1, 0.145733333333333, 1
4, 6472, 2, 0, 0, 1, 0.3116, 1
4, 6473, 2, 0, 1, 0, 0.028, 1
4, 6474, 2, 1, 0, 0, 0.998666666666667, 1
4, 6475, 2, 0, 0, 1, 0.569733333333333, 1
4, 6476, 2, 0, 0, 1, 0.961466666666667, 1
4, 6477, 2, 0, 0, 1, 0.808533333333333, 1
4, 6478, 2, 0, 0, 1, 0.0802666666666667, 1
4, 6479, 2, 0, 0, 1, 0.310666666666667, 1
4, 6480, 2, 0, 0, 1, 0.815866666666667, 1
4, 6481, 2, 0, 0, 1, 0.795466666666667, 1
4, 6482, 2, 0, 0, 1, 0.414266666666667, 1
4, 6483, 2, 0, 0, 1, 0.7632, 1
4, 6484, 2, 0, 0, 1, 0.125466666666667, 1
4, 6485, 2, 1, 0, 0, 0.980133333333333, 1
4, 6486, 2, 0, 0, 1, 0.2544, 1
4, 6487, 2, 0, 0, 1, 0.901466666666667, 1
4, 6488, 2, 0, 0, 1, 0.457466666666667, 1
4, 6489, 2, 0, 0, 1, 0.875733333333333, 1
4, 6490, 2, 0, 1, 0, 0.03, 1
4, 6491, 2, 0, 0, 1, 0.6708, 1
4, 6492, 2, 0, 0, 1, 0.5012, 1
4, 6493, 2, 0, 0, 1, 0.373333333333333, 1
4, 6494, 2, 0, 0, 1, 0.284, 1
4, 6495, 2, 0, 0, 1, 0.3772, 1
4, 6496, 2, 0, 0, 1, 0.725066666666667, 1
4, 6497, 2, 0, 0, 1, 0.74, 1
4, 6498, 2, 0, 0, 1, 0.220933333333333, 1
4, 6499, 2, 0, 0, 1, 0.627333333333333, 1
4, 6500, 2, 0, 0, 1, 0.429066666666667, 1
4, 6501, 2, 1, 0, 0, 0.998933333333333, 1
4, 6502, 2, 1, 0, 0, 0.999866666666667, 1
4, 6503, 2, 1, 0, 0, 1, 1
4, 6504, 2, 1, 0, 0, 1, 1
4, 6505, 2, 1, 0, 0, 0.999066666666667, 1
4, 6506, 2, 1, 0, 0, 0.999866666666667, 1
4, 6507, 2, 1, 0, 0, 0.994533333333333, 1
4, 6508, 2, 1, 0, 0, 0.993333333333333, 1
4, 6509, 2, 1, 0, 0, 1, 1
4, 6510, 2, 1, 0, 0, 1, 1
4, 6511, 2, 1, 0, 0, 0.999733333333333, 1
4, 6512, 2, 1, 0, 0, 0.9992, 1
4, 6513, 2, 1, 0, 0, 1, 1
4, 6514, 2, 1, 0, 0, 1, 1
4, 6515, 2, 1, 0, 0, 0.998933333333333, 1
4, 6516, 2, 1, 0, 0, 0.998, 1
4, 6517, 2, 1, 0, 0, 0.998, 1
4, 6518, 2, 1, 0, 0, 0.9816, 1
4, 6519, 2, 1, 0, 0, 0.992133333333333, 1
4, 6520, 2, 1, 0, 0, 1, 1
4, 6521, 2, 1, 0, 0, 0.9988, 1
4, 6522, 2, 1, 0, 0, 0.998933333333333, 1
4, 6523, 2, 1, 0, 0, 0.9964, 1
4, 6524, 2, 1, 0, 0, 0.9976, 1
4, 6525, 2, 1, 0, 0, 1, 1
4, 6526, 2, 1, 0, 0, 0.994, 1
4, 6527, 2, 1, 0, 0, 1, 1
4, 6528, 2, 1, 0, 0, 0.996666666666667, 1
4, 6529, 2, 1, 0, 0, 0.9928, 1
4, 6530, 2, 1, 0, 0, 0.9988, 1
4, 6531, 2, 1, 0, 0, 0.9992, 1
4, 6532, 2, 1, 0, 0, 0.998666666666667, 1
4, 6533, 2, 1, 0, 0, 0.9936, 1
4, 6534, 2, 1, 0, 0, 0.999866666666667, 1
4, 6535, 2, 1, 0, 0, 1, 1
4, 6536, 2, 1, 0, 0, 1, 1
4, 6537, 2, 1, 0, 0, 0.9932, 1
4, 6538, 2, 1, 0, 0, 0.999466666666667, 1
4, 6539, 2, 1, 0, 0, 1, 1
4, 6540, 2, 1, 0, 0, 0.998533333333333, 1
4, 6541, 2, 1, 0, 0, 0.998, 1
4, 6542, 2, 1, 0, 0, 0.9996, 1
4, 6543, 2, 1, 0, 0, 0.9996, 1
4, 6544, 2, 1, 0, 0, 1, 1
4, 6545, 2, 1, 0, 0, 0.999333333333333, 1
4, 6546, 2, 1, 0, 0, 0.999866666666667, 1
4, 6547, 2, 1, 0, 0, 0.995733333333333, 1
4, 6548, 2, 1, 0, 0, 0.9972, 1
4, 6549, 2, 1, 0, 0, 1, 1
4, 6550, 2, 1, 0, 0, 1, 1
4, 6551, 2, 1, 0, 0, 0.997866666666667, 1
4, 6552, 2, 1, 0, 0, 1, 1
4, 6553, 2, 1, 0, 0, 0.992933333333333, 1
4, 6554, 2, 1, 0, 0, 1, 1
4, 6555, 2, 1, 0, 0, 0.9996, 1
4, 6556, 2, 1, 0, 0, 1, 1
4, 6557, 2, 1, 0, 0, 0.999333333333333, 1
4, 6558, 2, 1, 0, 0, 1, 1
4, 6559, 2, 1, 0, 0, 1, 1
4, 6560, 2, 1, 0, 0, 1, 1
4, 6561, 2, 1, 0, 0, 0.999333333333333, 1
4, 6562, 2, 1, 0, 0, 0.998133333333333, 1
4, 6563, 2, 1, 0, 0, 0.998133333333333, 1
4, 6564, 2, 1, 0, 0, 0.9924, 1
4, 6565, 2, 1, 0, 0, 1, 1
4, 6566, 2, 1, 0, 0, 1, 1
4, 6567, 2, 1, 0, 0, 1, 1
4, 6568, 2, 1, 0, 0, 0.999866666666667, 1
4, 6569, 2, 1, 0, 0, 0.997733333333333, 1
4, 6570, 2, 1, 0, 0, 1, 1
4, 6571, 2, 1, 0, 0, 0.998266666666667, 1
4, 6572, 2, 1, 0, 0, 0.997733333333333, 1
4, 6573, 2, 1, 0, 0, 1, 1
4, 6574, 2, 1, 0, 0, 0.999866666666667, 1
4, 6575, 2, 1, 0, 0, 0.9984, 1
4, 6576, 2, 1, 0, 0, 0.999733333333333, 1
4, 6577, 2, 1, 0, 0, 0.995333333333333, 1
4, 6578, 2, 1, 0, 0, 0.999333333333333, 1
4, 6579, 2, 1, 0, 0, 0.996266666666667, 1
4, 6580, 2, 0, 0, 1, 0.965333333333333, 1
4, 6581, 2, 1, 0, 0, 0.996266666666667, 1
4, 6582, 2, 1, 0, 0, 0.9992, 1
4, 6583, 2, 1, 0, 0, 0.9968, 1
4, 6584, 2, 1, 0, 0, 1, 1
4, 6585, 2, 1, 0, 0, 0.999866666666667, 1
4, 6586, 2, 1, 0, 0, 1, 1
4, 6587, 2, 1, 0, 0, 0.999733333333333, 1
4, 6588, 2, 1, 0, 0, 0.999866666666667, 1
4, 6589, 2, 1, 0, 0, 0.999866666666667, 1
4, 6590, 2, 1, 0, 0, 0.999866666666667, 1
4, 6591, 2, 1, 0, 0, 0.998666666666667, 1
4, 6592, 2, 1, 0, 0, 0.998933333333333, 1
4, 6593, 2, 1, 0, 0, 1, 1
4, 6594, 2, 1, 0, 0, 0.999866666666667, 1
4, 6595, 2, 1, 0, 0, 1, 1
4, 6596, 2, 1, 0, 0, 0.9988, 1
4, 6597, 2, 1, 0, 0, 0.993466666666667, 1
4, 6598, 2, 1, 0, 0, 0.999866666666667, 1
4, 6599, 2, 1, 0, 0, 0.9944, 1
4, 6600, 2, 1, 0, 0, 0.999866666666667, 1
4, 6601, 2, 1, 0, 0, 1, 1
4, 6602, 2, 1, 0, 0, 1, 1
4, 6603, 2, 1, 0, 0, 0.999333333333333, 1
4, 6604, 2, 1, 0, 0, 0.998933333333333, 1
4, 6605, 2, 1, 0, 0, 0.999066666666667, 1
4, 6606, 2, 1, 0, 0, 0.997066666666667, 1
4, 6607, 2, 1, 0, 0, 0.998133333333333, 1
4, 6608, 2, 1, 0, 0, 0.995866666666667, 1
4, 6609, 2, 1, 0, 0, 1, 1
4, 6610, 2, 1, 0, 0, 0.999733333333333, 1
4, 6611, 2, 1, 0, 0, 0.998, 1
4, 6612, 2, 1, 0, 0, 0.999466666666667, 1
4, 6613, 2, 1, 0, 0, 0.976266666666667, 1
4, 6614, 2, 1, 0, 0, 0.999733333333333, 1
4, 6615, 2, 1, 0, 0, 1, 1
4, 6616, 2, 1, 0, 0, 0.994266666666667, 1
4, 6617, 2, 1, 0, 0, 1, 1
4, 6618, 2, 1, 0, 0, 1, 1
4, 6619, 2, 1, 0, 0, 0.994, 1
4, 6620, 2, 1, 0, 0, 0.990666666666667, 1
4, 6621, 2, 1, 0, 0, 0.999066666666667, 1
4, 6622, 2, 1, 0, 0, 1, 1
4, 6623, 2, 0, 0, 1, 0.884266666666667, 1
4, 6624, 2, 1, 0, 0, 1, 1
4, 6625, 2, 1, 0, 0, 0.997866666666667, 1
4, 6626, 2, 1, 0, 0, 1, 1
4, 6627, 2, 1, 0, 0, 0.990666666666667, 1
4, 6628, 2, 1, 0, 0, 0.994666666666667, 1
4, 6629, 2, 1, 0, 0, 0.999866666666667, 1
4, 6630, 2, 1, 0, 0, 0.999866666666667, 1
4, 6631, 2, 1, 0, 0, 0.997466666666667, 1
4, 6632, 2, 1, 0, 0, 1, 1
4, 6633, 2, 1, 0, 0, 1, 1
4, 6634, 2, 1, 0, 0, 0.999466666666667, 1
4, 6635, 2, 1, 0, 0, 0.9912, 1
4, 6636, 2, 1, 0, 0, 0.999066666666667, 1
4, 6637, 2, 1, 0, 0, 0.999466666666667, 1
4, 6638, 2, 1, 0, 0, 0.9984, 1
4, 6639, 2, 1, 0, 0, 0.9992, 1
4, 6640, 2, 1, 0, 0, 1, 1
4, 6641, 2, 1, 0, 0, 0.998266666666667, 1
4, 6642, 2, 1, 0, 0, 0.997866666666667, 1
4, 6643, 2, 1, 0, 0, 1, 1
4, 6644, 2, 1, 0, 0, 0.994133333333333, 1
4, 6645, 2, 1, 0, 0, 0.996533333333333, 1
4, 6646, 2, 1, 0, 0, 0.995066666666667, 1
4, 6647, 2, 1, 0, 0, 0.999866666666667, 1
4, 6648, 2, 1, 0, 0, 0.999333333333333, 1
4, 6649, 2, 1, 0, 0, 0.997066666666667, 1
4, 6650, 2, 1, 0, 0, 0.9904, 1
4, 6651, 2, 1, 0, 0, 1, 1
4, 6652, 2, 1, 0, 0, 0.9996, 1
4, 6653, 2, 1, 0, 0, 0.999866666666667, 1
4, 6654, 2, 1, 0, 0, 0.998, 1
4, 6655, 2, 1, 0, 0, 0.999466666666667, 1
4, 6656, 2, 1, 0, 0, 1, 1
4, 6657, 2, 1, 0, 0, 1, 1
4, 6658, 2, 1, 0, 0, 1, 1
4, 6659, 2, 1, 0, 0, 0.9928, 1
4, 6660, 2, 1, 0, 0, 0.999733333333333, 1
4, 6661, 2, 1, 0, 0, 0.987066666666667, 1
4, 6662, 2, 1, 0, 0, 0.9996, 1
4, 6663, 2, 1, 0, 0, 1, 1
4, 6664, 2, 1, 0, 0, 1, 1
4, 6665, 2, 1, 0, 0, 1, 1
4, 6666, 2, 1, 0, 0, 0.9856, 1
4, 6667, 2, 1, 0, 0, 0.999733333333333, 1
4, 6668, 2, 1, 0, 0, 1, 1
4, 6669, 2, 1, 0, 0, 0.999866666666667, 1
4, 6670, 2, 1, 0, 0, 1, 1
4, 6671, 2, 1, 0, 0, 0.994666666666667, 1
4, 6672, 2, 1, 0, 0, 1, 1
4, 6673, 2, 1, 0, 0, 1, 1
4, 6674, 2, 1, 0, 0, 0.993333333333333, 1
4, 6675, 2, 1, 0, 0, 0.9988, 1
4, 6676, 2, 1, 0, 0, 0.996933333333333, 1
4, 6677, 2, 1, 0, 0, 0.9952, 1
4, 6678, 2, 1, 0, 0, 0.9996, 1
4, 6679, 2, 1, 0, 0, 0.998933333333333, 1
4, 6680, 2, 1, 0, 0, 0.9988, 1
4, 6681, 2, 1, 0, 0, 0.998933333333333, 1
4, 6682, 2, 1, 0, 0, 0.9988, 1
4, 6683, 2, 1, 0, 0, 0.9972, 1
4, 6684, 2, 1, 0, 0, 1, 1
4, 6685, 2, 1, 0, 0, 1, 1
4, 6686, 2, 1, 0, 0, 1, 1
4, 6687, 2, 1, 0, 0, 1, 1
4, 6688, 2, 1, 0, 0, 0.999866666666667, 1
4, 6689, 2, 1, 0, 0, 0.995066666666667, 1
4, 6690, 2, 1, 0, 0, 1, 1
4, 6691, 2, 1, 0, 0, 1, 1
4, 6692, 2, 1, 0, 0, 0.993866666666667, 1
4, 6693, 2, 1, 0, 0, 0.999466666666667, 1
4, 6694, 2, 1, 0, 0, 0.9996, 1
4, 6695, 2, 1, 0, 0, 0.9996, 1
4, 6696, 2, 1, 0, 0, 1, 1
4, 6697, 2, 1, 0, 0, 0.997733333333333, 1
4, 6698, 2, 1, 0, 0, 0.993066666666667, 1
4, 6699, 2, 1, 0, 0, 0.999733333333333, 1
4, 6700, 2, 1, 0, 0, 0.998933333333333, 1
4, 6701, 2, 1, 0, 0, 0.999733333333333, 1
4, 6702, 2, 1, 0, 0, 0.996133333333333, 1
4, 6703, 2, 1, 0, 0, 0.9972, 1
4, 6704, 2, 1, 0, 0, 0.9976, 1
4, 6705, 2, 1, 0, 0, 0.998533333333333, 1
4, 6706, 2, 1, 0, 0, 0.9988, 1
4, 6707, 2, 1, 0, 0, 1, 1
4, 6708, 2, 1, 0, 0, 0.9996, 1
4, 6709, 2, 1, 0, 0, 0.995866666666667, 1
4, 6710, 2, 1, 0, 0, 0.992266666666667, 1
4, 6711, 2, 1, 0, 0, 1, 1
4, 6712, 2, 1, 0, 0, 1, 1
4, 6713, 2, 1, 0, 0, 0.998533333333333, 1
4, 6714, 2, 1, 0, 0, 1, 1
4, 6715, 2, 1, 0, 0, 0.999066666666667, 1
4, 6716, 2, 1, 0, 0, 0.999066666666667, 1
4, 6717, 2, 1, 0, 0, 0.999733333333333, 1
4, 6718, 2, 1, 0, 0, 0.996533333333333, 1
4, 6719, 2, 1, 0, 0, 0.999066666666667, 1
4, 6720, 2, 1, 0, 0, 0.999466666666667, 1
4, 6721, 2, 1, 0, 0, 0.9988, 1
4, 6722, 2, 1, 0, 0, 0.999466666666667, 1
4, 6723, 2, 1, 0, 0, 0.998133333333333, 1
4, 6724, 2, 1, 0, 0, 1, 1
4, 6725, 2, 1, 0, 0, 0.992266666666667, 1
4, 6726, 2, 1, 0, 0, 0.9964, 1
4, 6727, 2, 1, 0, 0, 1, 1
4, 6728, 2, 1, 0, 0, 0.999333333333333, 1
4, 6729, 2, 1, 0, 0, 0.9996, 1
4, 6730, 2, 1, 0, 0, 1, 1
4, 6731, 2, 1, 0, 0, 0.9924, 1
4, 6732, 2, 1, 0, 0, 0.9996, 1
4, 6733, 2, 1, 0, 0, 0.996133333333333, 1
4, 6734, 2, 1, 0, 0, 0.999733333333333, 1
4, 6735, 2, 1, 0, 0, 0.998933333333333, 1
4, 6736, 2, 1, 0, 0, 0.996666666666667, 1
4, 6737, 2, 1, 0, 0, 0.999866666666667, 1
4, 6738, 2, 1, 0, 0, 0.9976, 1
4, 6739, 2, 1, 0, 0, 0.992533333333333, 1
4, 6740, 2, 1, 0, 0, 0.994, 1
4, 6741, 2, 1, 0, 0, 0.999466666666667, 1
4, 6742, 2, 1, 0, 0, 0.996666666666667, 1
4, 6743, 2, 1, 0, 0, 0.990266666666667, 1
4, 6744, 2, 1, 0, 0, 0.9992, 1
4, 6745, 2, 1, 0, 0, 1, 1
4, 6746, 2, 1, 0, 0, 0.996133333333333, 1
4, 6747, 2, 1, 0, 0, 0.9992, 1
4, 6748, 2, 1, 0, 0, 1, 1
4, 6749, 2, 1, 0, 0, 0.998933333333333, 1
4, 6750, 2, 1, 0, 0, 1, 1
4, 6751, 2, 1, 0, 0, 0.9976, 1
4, 6752, 2, 1, 0, 0, 0.999066666666667, 1
4, 6753, 2, 1, 0, 0, 0.9996, 1
4, 6754, 2, 1, 0, 0, 0.999333333333333, 1
4, 6755, 2, 1, 0, 0, 0.997733333333333, 1
4, 6756, 2, 1, 0, 0, 0.998666666666667, 1
4, 6757, 2, 1, 0, 0, 1, 1
4, 6758, 2, 1, 0, 0, 0.9996, 1
4, 6759, 2, 1, 0, 0, 0.999866666666667, 1
4, 6760, 2, 1, 0, 0, 0.999333333333333, 1
4, 6761, 2, 1, 0, 0, 0.9936, 1
4, 6762, 2, 1, 0, 0, 0.999733333333333, 1
4, 6763, 2, 1, 0, 0, 1, 1
4, 6764, 2, 1, 0, 0, 0.996, 1
4, 6765, 2, 1, 0, 0, 1, 1
4, 6766, 2, 1, 0, 0, 1, 1
4, 6767, 2, 1, 0, 0, 0.9908, 1
4, 6768, 2, 1, 0, 0, 1, 1
4, 6769, 2, 0, 0, 1, 0.949866666666667, 1
4, 6770, 2, 1, 0, 0, 0.993866666666667, 1
4, 6771, 2, 1, 0, 0, 0.996666666666667, 1
4, 6772, 2, 1, 0, 0, 0.9996, 1
4, 6773, 2, 1, 0, 0, 1, 1
4, 6774, 2, 1, 0, 0, 1, 1
4, 6775, 2, 1, 0, 0, 1, 1
4, 6776, 2, 1, 0, 0, 1, 1
4, 6777, 2, 1, 0, 0, 0.999866666666667, 1
4, 6778, 2, 1, 0, 0, 0.988266666666667, 1
4, 6779, 2, 1, 0, 0, 0.999733333333333, 1
4, 6780, 2, 1, 0, 0, 1, 1
4, 6781, 2, 1, 0, 0, 0.999866666666667, 1
4, 6782, 2, 1, 0, 0, 0.992133333333333, 1
4, 6783, 2, 1, 0, 0, 0.999733333333333, 1
4, 6784, 2, 1, 0, 0, 0.999733333333333, 1
4, 6785, 2, 1, 0, 0, 0.997066666666667, 1
4, 6786, 2, 1, 0, 0, 0.993333333333333, 1
4, 6787, 2, 1, 0, 0, 0.995866666666667, 1
4, 6788, 2, 1, 0, 0, 0.995866666666667, 1
4, 6789, 2, 1, 0, 0, 1, 1
4, 6790, 2, 1, 0, 0, 1, 1
4, 6791, 2, 1, 0, 0, 1, 1
4, 6792, 2, 1, 0, 0, 1, 1
4, 6793, 2, 0, 0, 1, 0.966933333333333, 1
4, 6794, 2, 1, 0, 0, 1, 1
4, 6795, 2, 1, 0, 0, 0.997333333333333, 1
4, 6796, 2, 1, 0, 0, 1, 1
4, 6797, 2, 1, 0, 0, 0.992133333333333, 1
4, 6798, 2, 1, 0, 0, 0.9964, 1
4, 6799, 2, 1, 0, 0, 0.999733333333333, 1
4, 6800, 2, 1, 0, 0, 0.999733333333333, 1
4, 6801, 2, 1, 0, 0, 0.9988, 1
4, 6802, 2, 1, 0, 0, 0.999733333333333, 1
4, 6803, 2, 1, 0, 0, 0.996933333333333, 1
4, 6804, 2, 1, 0, 0, 0.996533333333333, 1
4, 6805, 2, 1, 0, 0, 0.991466666666667, 1
4, 6806, 2, 1, 0, 0, 0.996133333333333, 1
4, 6807, 2, 1, 0, 0, 0.999733333333333, 1
4, 6808, 2, 1, 0, 0, 0.999866666666667, 1
4, 6809, 2, 1, 0, 0, 0.9996, 1
4, 6810, 2, 1, 0, 0, 0.999866666666667, 1
4, 6811, 2, 1, 0, 0, 0.9924, 1
4, 6812, 2, 1, 0, 0, 0.9992, 1
4, 6813, 2, 1, 0, 0, 0.999866666666667, 1
4, 6814, 2, 1, 0, 0, 1, 1
4, 6815, 2, 1, 0, 0, 0.998533333333333, 1
4, 6816, 2, 1, 0, 0, 0.9864, 1
4, 6817, 2, 1, 0, 0, 0.990266666666667, 1
4, 6818, 2, 1, 0, 0, 0.992266666666667, 1
4, 6819, 2, 1, 0, 0, 0.993333333333333, 1
4, 6820, 2, 1, 0, 0, 0.981066666666667, 1
4, 6821, 2, 1, 0, 0, 1, 1
4, 6822, 2, 1, 0, 0, 1, 1
4, 6823, 2, 1, 0, 0, 0.999866666666667, 1
4, 6824, 2, 1, 0, 0, 1, 1
4, 6825, 2, 1, 0, 0, 0.999866666666667, 1
4, 6826, 2, 1, 0, 0, 1, 1
4, 6827, 2, 1, 0, 0, 1, 1
4, 6828, 2, 1, 0, 0, 0.997333333333333, 1
4, 6829, 2, 1, 0, 0, 1, 1
4, 6830, 2, 1, 0, 0, 0.999866666666667, 1
4, 6831, 2, 1, 0, 0, 0.999466666666667, 1
4, 6832, 2, 1, 0, 0, 0.992, 1
4, 6833, 2, 1, 0, 0, 0.9964, 1
4, 6834, 2, 1, 0, 0, 1, 1
4, 6835, 2, 1, 0, 0, 1, 1
4, 6836, 2, 1, 0, 0, 0.999866666666667, 1
4, 6837, 2, 1, 0, 0, 0.996, 1
4, 6838, 2, 1, 0, 0, 0.998933333333333, 1
4, 6839, 2, 1, 0, 0, 0.999066666666667, 1
4, 6840, 2, 1, 0, 0, 0.9932, 1
4, 6841, 2, 1, 0, 0, 0.9996, 1
4, 6842, 2, 1, 0, 0, 0.997333333333333, 1
4, 6843, 2, 1, 0, 0, 0.998533333333333, 1
4, 6844, 2, 1, 0, 0, 0.998533333333333, 1
4, 6845, 2, 1, 0, 0, 0.994133333333333, 1
4, 6846, 2, 1, 0, 0, 0.997866666666667, 1
4, 6847, 2, 1, 0, 0, 0.994133333333333, 1
4, 6848, 2, 1, 0, 0, 1, 1
4, 6849, 2, 1, 0, 0, 0.999466666666667, 1
4, 6850, 2, 1, 0, 0, 0.9948, 1
4, 6851, 2, 1, 0, 0, 1, 1
4, 6852, 2, 1, 0, 0, 0.999733333333333, 1
4, 6853, 2, 1, 0, 0, 0.9916, 1
4, 6854, 2, 1, 0, 0, 0.9856, 1
4, 6855, 2, 1, 0, 0, 0.999733333333333, 1
4, 6856, 2, 0, 0, 1, 0.726666666666667, 1
4, 6857, 2, 1, 0, 0, 0.9896, 1
4, 6858, 2, 1, 0, 0, 0.9952, 1
4, 6859, 2, 1, 0, 0, 0.996266666666667, 1
4, 6860, 2, 1, 0, 0, 0.999866666666667, 1
4, 6861, 2, 1, 0, 0, 1, 1
4, 6862, 2, 1, 0, 0, 0.995333333333333, 1
4, 6863, 2, 1, 0, 0, 0.999466666666667, 1
4, 6864, 2, 1, 0, 0, 0.9944, 1
4, 6865, 2, 1, 0, 0, 1, 1
4, 6866, 2, 1, 0, 0, 0.996133333333333, 1
4, 6867, 2, 1, 0, 0, 0.999866666666667, 1
4, 6868, 2, 1, 0, 0, 0.9932, 1
4, 6869, 2, 1, 0, 0, 1, 1
4, 6870, 2, 1, 0, 0, 0.998666666666667, 1
4, 6871, 2, 1, 0, 0, 1, 1
4, 6872, 2, 1, 0, 0, 0.996266666666667, 1
4, 6873, 2, 1, 0, 0, 1, 1
4, 6874, 2, 1, 0, 0, 0.9996, 1
4, 6875, 2, 1, 0, 0, 0.999733333333333, 1
4, 6876, 2, 1, 0, 0, 1, 1
4, 6877, 2, 1, 0, 0, 0.999733333333333, 1
4, 6878, 2, 1, 0, 0, 0.999733333333333, 1
4, 6879, 2, 1, 0, 0, 1, 1
4, 6880, 2, 1, 0, 0, 0.998933333333333, 1
4, 6881, 2, 1, 0, 0, 0.999466666666667, 1
4, 6882, 2, 1, 0, 0, 0.999466666666667, 1
4, 6883, 2, 1, 0, 0, 0.995733333333333, 1
4, 6884, 2, 1, 0, 0, 0.998666666666667, 1
4, 6885, 2, 1, 0, 0, 1, 1
4, 6886, 2, 1, 0, 0, 0.9916, 1
4, 6887, 2, 1, 0, 0, 0.9996, 1
4, 6888, 2, 1, 0, 0, 0.997733333333333, 1
4, 6889, 2, 1, 0, 0, 0.996666666666667, 1
4, 6890, 2, 1, 0, 0, 0.9968, 1
4, 6891, 2, 1, 0, 0, 0.997733333333333, 1
4, 6892, 2, 1, 0, 0, 0.999066666666667, 1
4, 6893, 2, 1, 0, 0, 0.996266666666667, 1
4, 6894, 2, 1, 0, 0, 1, 1
4, 6895, 2, 1, 0, 0, 0.9944, 1
4, 6896, 2, 1, 0, 0, 0.9992, 1
4, 6897, 2, 1, 0, 0, 0.9956, 1
4, 6898, 2, 1, 0, 0, 1, 1
4, 6899, 2, 0, 0, 1, 0.921333333333333, 1
4, 6900, 2, 1, 0, 0, 0.998, 1
4, 6901, 2, 1, 0, 0, 1, 1
4, 6902, 2, 1, 0, 0, 0.999866666666667, 1
4, 6903, 2, 1, 0, 0, 0.999466666666667, 1
4, 6904, 2, 1, 0, 0, 0.998133333333333, 1
4, 6905, 2, 1, 0, 0, 1, 1
4, 6906, 2, 1, 0, 0, 1, 1
4, 6907, 2, 1, 0, 0, 0.979333333333333, 1
4, 6908, 2, 1, 0, 0, 1, 1
4, 6909, 2, 1, 0, 0, 1, 1
4, 6910, 2, 1, 0, 0, 0.9996, 1
4, 6911, 2, 1, 0, 0, 0.999333333333333, 1
4, 6912, 2, 1, 0, 0, 0.995733333333333, 1
4, 6913, 2, 1, 0, 0, 0.999333333333333, 1
4, 6914, 2, 1, 0, 0, 0.995866666666667, 1
4, 6915, 2, 1, 0, 0, 1, 1
4, 6916, 2, 1, 0, 0, 0.999066666666667, 1
4, 6917, 2, 1, 0, 0, 0.981066666666667, 1
4, 6918, 2, 1, 0, 0, 0.999866666666667, 1
4, 6919, 2, 1, 0, 0, 1, 1
4, 6920, 2, 1, 0, 0, 0.999066666666667, 1
4, 6921, 2, 1, 0, 0, 0.999866666666667, 1
4, 6922, 2, 1, 0, 0, 1, 1
4, 6923, 2, 1, 0, 0, 0.996666666666667, 1
4, 6924, 2, 1, 0, 0, 0.999733333333333, 1
4, 6925, 2, 1, 0, 0, 1, 1
4, 6926, 2, 1, 0, 0, 0.995866666666667, 1
4, 6927, 2, 1, 0, 0, 0.999733333333333, 1
4, 6928, 2, 1, 0, 0, 0.9972, 1
4, 6929, 2, 1, 0, 0, 1, 1
4, 6930, 2, 1, 0, 0, 1, 1
4, 6931, 2, 1, 0, 0, 0.998, 1
4, 6932, 2, 1, 0, 0, 0.975866666666667, 1
4, 6933, 2, 1, 0, 0, 0.9984, 1
4, 6934, 2, 1, 0, 0, 1, 1
4, 6935, 2, 1, 0, 0, 0.998666666666667, 1
4, 6936, 2, 1, 0, 0, 0.9932, 1
4, 6937, 2, 1, 0, 0, 0.992533333333333, 1
4, 6938, 2, 1, 0, 0, 0.999866666666667, 1
4, 6939, 2, 1, 0, 0, 0.992133333333333, 1
4, 6940, 2, 1, 0, 0, 0.9996, 1
4, 6941, 2, 1, 0, 0, 0.999866666666667, 1
4, 6942, 2, 1, 0, 0, 0.992266666666667, 1
4, 6943, 2, 1, 0, 0, 0.9996, 1
4, 6944, 2, 1, 0, 0, 0.984133333333333, 1
4, 6945, 2, 1, 0, 0, 0.992933333333333, 1
4, 6946, 2, 1, 0, 0, 0.999866666666667, 1
4, 6947, 2, 0, 0, 1, 0.970133333333333, 1
4, 6948, 2, 1, 0, 0, 1, 1
4, 6949, 2, 1, 0, 0, 0.9892, 1
4, 6950, 2, 1, 0, 0, 1, 1
4, 6951, 2, 1, 0, 0, 0.998933333333333, 1
4, 6952, 2, 1, 0, 0, 0.997733333333333, 1
4, 6953, 2, 1, 0, 0, 0.999466666666667, 1
4, 6954, 2, 1, 0, 0, 0.994533333333333, 1
4, 6955, 2, 1, 0, 0, 0.998666666666667, 1
4, 6956, 2, 1, 0, 0, 1, 1
4, 6957, 2, 1, 0, 0, 0.999733333333333, 1
4, 6958, 2, 1, 0, 0, 0.999333333333333, 1
4, 6959, 2, 1, 0, 0, 0.999466666666667, 1
4, 6960, 2, 1, 0, 0, 0.997333333333333, 1
4, 6961, 2, 1, 0, 0, 1, 1
4, 6962, 2, 1, 0, 0, 0.993466666666667, 1
4, 6963, 2, 1, 0, 0, 0.995866666666667, 1
4, 6964, 2, 1, 0, 0, 1, 1
4, 6965, 2, 1, 0, 0, 0.996, 1
4, 6966, 2, 1, 0, 0, 1, 1
4, 6967, 2, 1, 0, 0, 0.999733333333333, 1
4, 6968, 2, 1, 0, 0, 0.9972, 1
4, 6969, 2, 1, 0, 0, 0.999733333333333, 1
4, 6970, 2, 1, 0, 0, 0.996266666666667, 1
4, 6971, 2, 1, 0, 0, 0.992933333333333, 1
4, 6972, 2, 1, 0, 0, 1, 1
4, 6973, 2, 1, 0, 0, 1, 1
4, 6974, 2, 1, 0, 0, 1, 1
4, 6975, 2, 1, 0, 0, 0.999066666666667, 1
4, 6976, 2, 1, 0, 0, 0.999466666666667, 1
4, 6977, 2, 1, 0, 0, 0.998133333333333, 1
4, 6978, 2, 1, 0, 0, 0.993333333333333, 1
4, 6979, 2, 1, 0, 0, 1, 1
4, 6980, 2, 1, 0, 0, 0.994933333333333, 1
4, 6981, 2, 1, 0, 0, 0.999866666666667, 1
4, 6982, 2, 1, 0, 0, 0.999066666666667, 1
4, 6983, 2, 1, 0, 0, 0.993066666666667, 1
4, 6984, 2, 1, 0, 0, 0.996533333333333, 1
4, 6985, 2, 1, 0, 0, 0.999733333333333, 1
4, 6986, 2, 1, 0, 0, 0.999733333333333, 1
4, 6987, 2, 1, 0, 0, 1, 1
4, 6988, 2, 1, 0, 0, 1, 1
4, 6989, 2, 1, 0, 0, 0.994133333333333, 1
4, 6990, 2, 1, 0, 0, 0.999333333333333, 1
4, 6991, 2, 1, 0, 0, 0.9904, 1
4, 6992, 2, 1, 0, 0, 0.996266666666667, 1
4, 6993, 2, 1, 0, 0, 0.987333333333333, 1
4, 6994, 2, 0, 0, 1, 0.963333333333333, 1
4, 6995, 2, 1, 0, 0, 0.995866666666667, 1
4, 6996, 2, 1, 0, 0, 0.998933333333333, 1
4, 6997, 2, 0, 0, 1, 0.938, 1
4, 6998, 2, 1, 0, 0, 0.998933333333333, 1
4, 6999, 2, 1, 0, 0, 0.998666666666667, 1
4, 7000, 2, 1, 0, 0, 1, 1
4, 7001, 2, 0, 0, 1, 0.904666666666667, 1
4, 7002, 2, 0, 0, 1, 0.634, 1
4, 7003, 2, 0, 0, 1, 0.973066666666667, 1
4, 7004, 2, 1, 0, 0, 0.997066666666667, 1
4, 7005, 2, 1, 0, 0, 0.990133333333333, 1
4, 7006, 2, 0, 0, 1, 0.547733333333333, 1
4, 7007, 2, 1, 0, 0, 0.9996, 1
4, 7008, 2, 0, 0, 1, 0.690133333333333, 1
4, 7009, 2, 1, 0, 0, 0.999733333333333, 1
4, 7010, 2, 1, 0, 0, 0.978, 1
4, 7011, 2, 0, 0, 1, 0.8224, 1
4, 7012, 2, 0, 0, 1, 0.9536, 1
4, 7013, 2, 0, 0, 1, 0.829733333333333, 1
4, 7014, 2, 0, 0, 1, 0.972933333333333, 1
4, 7015, 2, 1, 0, 0, 0.995333333333333, 1
4, 7016, 2, 0, 0, 1, 0.872266666666667, 1
4, 7017, 2, 1, 0, 0, 0.997066666666667, 1
4, 7018, 2, 0, 0, 1, 0.916266666666667, 1
4, 7019, 2, 1, 0, 0, 0.9776, 1
4, 7020, 2, 1, 0, 0, 0.9756, 1
4, 7021, 2, 1, 0, 0, 0.998, 1
4, 7022, 2, 1, 0, 0, 0.995733333333333, 1
4, 7023, 2, 1, 0, 0, 0.994666666666667, 1
4, 7024, 2, 1, 0, 0, 0.995866666666667, 1
4, 7025, 2, 0, 0, 1, 0.962, 1
4, 7026, 2, 1, 0, 0, 0.9952, 1
4, 7027, 2, 1, 0, 0, 0.998133333333333, 1
4, 7028, 2, 1, 0, 0, 0.995066666666667, 1
4, 7029, 2, 1, 0, 0, 0.991333333333333, 1
4, 7030, 2, 1, 0, 0, 0.996933333333333, 1
4, 7031, 2, 1, 0, 0, 0.987733333333333, 1
4, 7032, 2, 1, 0, 0, 0.994533333333333, 1
4, 7033, 2, 0, 0, 1, 0.954933333333333, 1
4, 7034, 2, 0, 0, 1, 0.882266666666667, 1
4, 7035, 2, 0, 0, 1, 0.8472, 1
4, 7036, 2, 1, 0, 0, 0.999733333333333, 1
4, 7037, 2, 1, 0, 0, 0.994266666666667, 1
4, 7038, 2, 1, 0, 0, 0.977733333333333, 1
4, 7039, 2, 1, 0, 0, 0.998666666666667, 1
4, 7040, 2, 0, 0, 1, 0.962533333333333, 1
4, 7041, 2, 0, 0, 1, 0.9488, 1
4, 7042, 2, 0, 0, 1, 0.925733333333333, 1
4, 7043, 2, 0, 0, 1, 0.904666666666667, 1
4, 7044, 2, 1, 0, 0, 0.992266666666667, 1
4, 7045, 2, 0, 0, 1, 0.933733333333333, 1
4, 7046, 2, 0, 0, 1, 0.971333333333333, 1
4, 7047, 2, 0, 0, 1, 0.804933333333333, 1
4, 7048, 2, 0, 0, 1, 0.801333333333333, 1
4, 7049, 2, 0, 0, 1, 0.94, 1
4, 7050, 2, 1, 0, 0, 0.998, 1
4, 7051, 2, 1, 0, 0, 0.9964, 1
4, 7052, 2, 0, 0, 1, 0.845466666666667, 1
4, 7053, 2, 1, 0, 0, 0.9788, 1
4, 7054, 2, 0, 0, 1, 0.97, 1
4, 7055, 2, 1, 0, 0, 0.996533333333333, 1
4, 7056, 2, 0, 0, 1, 0.750266666666667, 1
4, 7057, 2, 0, 0, 1, 0.949066666666667, 1
4, 7058, 2, 1, 0, 0, 0.983066666666667, 1
4, 7059, 2, 0, 0, 1, 0.847866666666667, 1
4, 7060, 2, 0, 0, 1, 0.7824, 1
4, 7061, 2, 0, 0, 1, 0.959866666666667, 1
4, 7062, 2, 1, 0, 0, 0.999866666666667, 1
4, 7063, 2, 0, 0, 1, 0.556, 1
4, 7064, 2, 0, 0, 1, 0.974266666666667, 1
4, 7065, 2, 1, 0, 0, 0.995866666666667, 1
4, 7066, 2, 1, 0, 0, 0.9988, 1
4, 7067, 2, 0, 0, 1, 0.898266666666667, 1
4, 7068, 2, 1, 0, 0, 0.994933333333333, 1
4, 7069, 2, 0, 0, 1, 0.924933333333333, 1
4, 7070, 2, 0, 0, 1, 0.729333333333333, 1
4, 7071, 2, 1, 0, 0, 0.999733333333333, 1
4, 7072, 2, 0, 0, 1, 0.895066666666667, 1
4, 7073, 2, 0, 0, 1, 0.9716, 1
4, 7074, 2, 1, 0, 0, 0.9896, 1
4, 7075, 2, 0, 0, 1, 0.960133333333333, 1
4, 7076, 2, 1, 0, 0, 0.9964, 1
4, 7077, 2, 1, 0, 0, 0.980133333333333, 1
4, 7078, 2, 1, 0, 0, 0.998133333333333, 1
4, 7079, 2, 1, 0, 0, 0.9984, 1
4, 7080, 2, 0, 0, 1, 0.904266666666667, 1
4, 7081, 2, 1, 0, 0, 0.996, 1
4, 7082, 2, 0, 0, 1, 0.869466666666667, 1
4, 7083, 2, 0, 0, 1, 0.858133333333333, 1
4, 7084, 2, 0, 0, 1, 0.766266666666667, 1
4, 7085, 2, 0, 0, 1, 0.521333333333333, 1
4, 7086, 2, 0, 0, 1, 0.7896, 1
4, 7087, 2, 1, 0, 0, 0.9948, 1
4, 7088, 2, 0, 0, 1, 0.9164, 1
4, 7089, 2, 1, 0, 0, 0.976133333333333, 1
4, 7090, 2, 1, 0, 0, 0.999466666666667, 1
4, 7091, 2, 1, 0, 0, 0.997333333333333, 1
4, 7092, 2, 1, 0, 0, 0.996, 1
4, 7093, 2, 0, 0, 1, 0.534933333333333, 1
4, 7094, 2, 1, 0, 0, 0.986533333333333, 1
4, 7095, 2, 1, 0, 0, 0.996133333333333, 1
4, 7096, 2, 0, 0, 1, 0.798133333333333, 1
4, 7097, 2, 0, 0, 1, 0.971466666666667, 1
4, 7098, 2, 1, 0, 0, 0.995866666666667, 1
4, 7099, 2, 0, 0, 1, 0.586933333333333, 1
4, 7100, 2, 0, 0, 1, 0.520933333333333, 1
4, 7101, 2, 1, 0, 0, 0.988666666666667, 1
4, 7102, 2, 0, 0, 1, 0.553866666666667, 1
4, 7103, 2, 1, 0, 0, 0.995866666666667, 1
4, 7104, 2, 1, 0, 0, 0.991333333333333, 1
4, 7105, 2, 0, 0, 1, 0.908, 1
4, 7106, 2, 1, 0, 0, 0.999466666666667, 1
4, 7107, 2, 1, 0, 0, 0.993466666666667, 1
4, 7108, 2, 1, 0, 0, 0.9972, 1
4, 7109, 2, 0, 0, 1, 0.666266666666667, 1
4, 7110, 2, 1, 0, 0, 0.998266666666667, 1
4, 7111, 2, 1, 0, 0, 0.9984, 1
4, 7112, 2, 1, 0, 0, 0.976533333333333, 1
4, 7113, 2, 1, 0, 0, 0.9968, 1
4, 7114, 2, 0, 0, 1, 0.835333333333333, 1
4, 7115, 2, 1, 0, 0, 0.9932, 1
4, 7116, 2, 1, 0, 0, 0.9972, 1
4, 7117, 2, 0, 0, 1, 0.858266666666667, 1
4, 7118, 2, 0, 0, 1, 0.945733333333333, 1
4, 7119, 2, 1, 0, 0, 0.9912, 1
4, 7120, 2, 0, 0, 1, 0.5852, 1
4, 7121, 2, 0, 0, 1, 0.927066666666667, 1
4, 7122, 2, 0, 0, 1, 0.924133333333333, 1
4, 7123, 2, 0, 0, 1, 0.922533333333333, 1
4, 7124, 2, 1, 0, 0, 0.999866666666667, 1
4, 7125, 2, 0, 0, 1, 0.952133333333333, 1
4, 7126, 2, 1, 0, 0, 0.998666666666667, 1
4, 7127, 2, 0, 0, 1, 0.9332, 1
4, 7128, 2, 0, 0, 1, 0.811466666666667, 1
4, 7129, 2, 1, 0, 0, 0.9784, 1
4, 7130, 2, 1, 0, 0, 0.9984, 1
4, 7131, 2, 1, 0, 0, 0.999866666666667, 1
4, 7132, 2, 1, 0, 0, 0.997066666666667, 1
4, 7133, 2, 0, 0, 1, 0.330266666666667, 1
4, 7134, 2, 0, 0, 1, 0.926533333333333, 1
4, 7135, 2, 1, 0, 0, 0.990133333333333, 1
4, 7136, 2, 1, 0, 0, 0.994266666666667, 1
4, 7137, 2, 1, 0, 0, 0.9996, 1
4, 7138, 2, 1, 0, 0, 0.989466666666667, 1
4, 7139, 2, 0, 0, 1, 0.906933333333333, 1
4, 7140, 2, 1, 0, 0, 0.9948, 1
4, 7141, 2, 0, 0, 1, 0.8988, 1
4, 7142, 2, 0, 0, 1, 0.9456, 1
4, 7143, 2, 0, 0, 1, 0.938, 1
4, 7144, 2, 1, 0, 0, 0.9796, 1
4, 7145, 2, 0, 0, 1, 0.921866666666667, 1
4, 7146, 2, 0, 0, 1, 0.402533333333333, 1
4, 7147, 2, 0, 0, 1, 0.925466666666667, 1
4, 7148, 2, 0, 0, 1, 0.790933333333333, 1
4, 7149, 2, 0, 0, 1, 0.9728, 1
4, 7150, 2, 1, 0, 0, 0.9988, 1
4, 7151, 2, 0, 0, 1, 0.670933333333333, 1
4, 7152, 2, 1, 0, 0, 0.991333333333333, 1
4, 7153, 2, 1, 0, 0, 0.995066666666667, 1
4, 7154, 2, 0, 0, 1, 0.948, 1
4, 7155, 2, 1, 0, 0, 0.994133333333333, 1
4, 7156, 2, 0, 0, 1, 0.833333333333333, 1
4, 7157, 2, 0, 0, 1, 0.881333333333333, 1
4, 7158, 2, 0, 0, 1, 0.693466666666667, 1
4, 7159, 2, 0, 0, 1, 0.8764, 1
4, 7160, 2, 0, 0, 1, 0.540266666666667, 1
4, 7161, 2, 1, 0, 0, 0.9936, 1
4, 7162, 2, 0, 0, 1, 0.946533333333333, 1
4, 7163, 2, 0, 0, 1, 0.943466666666667, 1
4, 7164, 2, 0, 0, 1, 0.631066666666667, 1
4, 7165, 2, 0, 0, 1, 0.4944, 1
4, 7166, 2, 1, 0, 0, 0.995733333333333, 1
4, 7167, 2, 0, 0, 1, 0.953866666666667, 1
4, 7168, 2, 0, 0, 1, 0.803733333333333, 1
4, 7169, 2, 0, 0, 1, 0.84, 1
4, 7170, 2, 0, 0, 1, 0.946933333333333, 1
4, 7171, 2, 0, 0, 1, 0.9656, 1
4, 7172, 2, 0, 0, 1, 0.957333333333333, 1
4, 7173, 2, 0, 0, 1, 0.685066666666667, 1
4, 7174, 2, 0, 0, 1, 0.9692, 1
4, 7175, 2, 0, 0, 1, 0.316266666666667, 1
4, 7176, 2, 0, 0, 1, 0.893733333333333, 1
4, 7177, 2, 0, 0, 1, 0.7588, 1
4, 7178, 2, 0, 0, 1, 0.379066666666667, 1
4, 7179, 2, 0, 0, 1, 0.969866666666667, 1
4, 7180, 2, 0, 0, 1, 0.7364, 1
4, 7181, 2, 1, 0, 0, 0.981466666666667, 1
4, 7182, 2, 0, 0, 1, 0.965733333333333, 1
4, 7183, 2, 1, 0, 0, 0.995466666666667, 1
4, 7184, 2, 0, 0, 1, 0.845466666666667, 1
4, 7185, 2, 0, 0, 1, 0.5956, 1
4, 7186, 2, 0, 0, 1, 0.972533333333333, 1
4, 7187, 2, 1, 0, 0, 0.9972, 1
4, 7188, 2, 1, 0, 0, 0.991333333333333, 1
4, 7189, 2, 1, 0, 0, 0.994, 1
4, 7190, 2, 1, 0, 0, 0.998666666666667, 1
4, 7191, 2, 0, 0, 1, 0.966266666666667, 1
4, 7192, 2, 0, 0, 1, 0.7364, 1
4, 7193, 2, 0, 0, 1, 0.7448, 1
4, 7194, 2, 0, 0, 1, 0.925866666666667, 1
4, 7195, 2, 1, 0, 0, 0.9988, 1
4, 7196, 2, 1, 0, 0, 0.999333333333333, 1
4, 7197, 2, 0, 0, 1, 0.938933333333333, 1
4, 7198, 2, 0, 0, 1, 0.6672, 1
4, 7199, 2, 0, 0, 1, 0.920533333333333, 1
4, 7200, 2, 1, 0, 0, 0.994, 1
4, 7201, 2, 1, 0, 0, 0.996, 1
4, 7202, 2, 0, 0, 1, 0.906133333333333, 1
4, 7203, 2, 0, 0, 1, 0.791066666666667, 1
4, 7204, 2, 0, 0, 1, 0.9744, 1
4, 7205, 2, 0, 0, 1, 0.857733333333333, 1
4, 7206, 2, 1, 0, 0, 0.996, 1
4, 7207, 2, 1, 0, 0, 0.992266666666667, 1
4, 7208, 2, 0, 0, 1, 0.615866666666667, 1
4, 7209, 2, 1, 0, 0, 0.9928, 1
4, 7210, 2, 1, 0, 0, 0.991466666666667, 1
4, 7211, 2, 1, 0, 0, 1, 1
4, 7212, 2, 0, 0, 1, 0.8372, 1
4, 7213, 2, 1, 0, 0, 0.9996, 1
4, 7214, 2, 1, 0, 0, 0.9952, 1
4, 7215, 2, 1, 0, 0, 0.998133333333333, 1
4, 7216, 2, 1, 0, 0, 1, 1
4, 7217, 2, 1, 0, 0, 0.988, 1
4, 7218, 2, 1, 0, 0, 0.9964, 1
4, 7219, 2, 0, 0, 1, 0.933333333333333, 1
4, 7220, 2, 1, 0, 0, 0.997866666666667, 1
4, 7221, 2, 0, 0, 1, 0.948933333333333, 1
4, 7222, 2, 1, 0, 0, 0.992933333333333, 1
4, 7223, 2, 0, 0, 1, 0.974933333333333, 1
4, 7224, 2, 1, 0, 0, 0.9996, 1
4, 7225, 2, 0, 0, 1, 0.700933333333333, 1
4, 7226, 2, 1, 0, 0, 0.9924, 1
4, 7227, 2, 0, 0, 1, 0.9164, 1
4, 7228, 2, 0, 0, 1, 0.973333333333333, 1
4, 7229, 2, 1, 0, 0, 1, 1
4, 7230, 2, 0, 0, 1, 0.905333333333333, 1
4, 7231, 2, 1, 0, 0, 0.994, 1
4, 7232, 2, 1, 0, 0, 0.988133333333333, 1
4, 7233, 2, 0, 0, 1, 0.940933333333333, 1
4, 7234, 2, 0, 0, 1, 0.9668, 1
4, 7235, 2, 1, 0, 0, 0.999866666666667, 1
4, 7236, 2, 1, 0, 0, 0.992933333333333, 1
4, 7237, 2, 1, 0, 0, 0.9948, 1
4, 7238, 2, 1, 0, 0, 0.999733333333333, 1
4, 7239, 2, 0, 0, 1, 0.925066666666667, 1
4, 7240, 2, 1, 0, 0, 0.995066666666667, 1
4, 7241, 2, 1, 0, 0, 0.982266666666667, 1
4, 7242, 2, 1, 0, 0, 0.999466666666667, 1
4, 7243, 2, 1, 0, 0, 0.996933333333333, 1
4, 7244, 2, 1, 0, 0, 0.999733333333333, 1
4, 7245, 2, 1, 0, 0, 0.999733333333333, 1
4, 7246, 2, 0, 0, 1, 0.9644, 1
4, 7247, 2, 0, 0, 1, 0.5852, 1
4, 7248, 2, 0, 0, 1, 0.786, 1
4, 7249, 2, 1, 0, 0, 0.999733333333333, 1
4, 7250, 2, 1, 0, 0, 0.997333333333333, 1
4, 7251, 2, 0, 0, 1, 0.963733333333333, 1
4, 7252, 2, 0, 0, 1, 0.550266666666667, 1
4, 7253, 2, 1, 0, 0, 0.9936, 1
4, 7254, 2, 1, 0, 0, 0.990933333333333, 1
4, 7255, 2, 0, 0, 1, 0.86, 1
4, 7256, 2, 1, 0, 0, 0.995066666666667, 1
4, 7257, 2, 0, 0, 1, 0.9684, 1
4, 7258, 2, 0, 0, 1, 0.955333333333333, 1
4, 7259, 2, 0, 0, 1, 0.799066666666667, 1
4, 7260, 2, 1, 0, 0, 0.9792, 1
4, 7261, 2, 0, 0, 1, 0.904, 1
4, 7262, 2, 0, 0, 1, 0.817066666666667, 1
4, 7263, 2, 0, 0, 1, 0.943733333333333, 1
4, 7264, 2, 0, 0, 1, 0.951466666666667, 1
4, 7265, 2, 1, 0, 0, 0.9904, 1
4, 7266, 2, 1, 0, 0, 0.999333333333333, 1
4, 7267, 2, 1, 0, 0, 0.990666666666667, 1
4, 7268, 2, 0, 0, 1, 0.916, 1
4, 7269, 2, 0, 0, 1, 0.960533333333333, 1
4, 7270, 2, 0, 0, 1, 0.882133333333333, 1
4, 7271, 2, 1, 0, 0, 0.9992, 1
4, 7272, 2, 1, 0, 0, 0.9984, 1
4, 7273, 2, 1, 0, 0, 0.990133333333333, 1
4, 7274, 2, 0, 0, 1, 0.4056, 1
4, 7275, 2, 0, 0, 1, 0.959333333333333, 1
4, 7276, 2, 0, 0, 1, 0.943466666666667, 1
4, 7277, 2, 0, 0, 1, 0.704, 1
4, 7278, 2, 1, 0, 0, 0.990933333333333, 1
4, 7279, 2, 1, 0, 0, 0.9784, 1
4, 7280, 2, 1, 0, 0, 1, 1
4, 7281, 2, 0, 0, 1, 0.840533333333333, 1
4, 7282, 2, 0, 0, 1, 0.8712, 1
4, 7283, 2, 0, 0, 1, 0.871866666666667, 1
4, 7284, 2, 0, 0, 1, 0.9568, 1
4, 7285, 2, 1, 0, 0, 0.991466666666667, 1
4, 7286, 2, 0, 0, 1, 0.806666666666667, 1
4, 7287, 2, 1, 0, 0, 0.999066666666667, 1
4, 7288, 2, 0, 0, 1, 0.872666666666667, 1
4, 7289, 2, 1, 0, 0, 0.978666666666667, 1
4, 7290, 2, 0, 0, 1, 0.950266666666667, 1
4, 7291, 2, 1, 0, 0, 0.999733333333333, 1
4, 7292, 2, 1, 0, 0, 0.997333333333333, 1
4, 7293, 2, 1, 0, 0, 0.9968, 1
4, 7294, 2, 1, 0, 0, 0.989333333333333, 1
4, 7295, 2, 0, 0, 1, 0.681866666666667, 1
4, 7296, 2, 1, 0, 0, 0.999866666666667, 1
4, 7297, 2, 0, 0, 1, 0.836133333333333, 1
4, 7298, 2, 1, 0, 0, 0.982933333333333, 1
4, 7299, 2, 1, 0, 0, 0.999333333333333, 1
4, 7300, 2, 1, 0, 0, 0.990666666666667, 1
4, 7301, 2, 1, 0, 0, 0.994133333333333, 1
4, 7302, 2, 0, 0, 1, 0.872666666666667, 1
4, 7303, 2, 1, 0, 0, 0.999866666666667, 1
4, 7304, 2, 0, 0, 1, 0.958933333333333, 1
4, 7305, 2, 0, 0, 1, 0.928533333333333, 1
4, 7306, 2, 0, 0, 1, 0.876666666666667, 1
4, 7307, 2, 1, 0, 0, 0.989733333333333, 1
4, 7308, 2, 1, 0, 0, 0.998, 1
4, 7309, 2, 0, 0, 1, 0.283866666666667, 1
4, 7310, 2, 0, 0, 1, 0.817066666666667, 1
4, 7311, 2, 0, 0, 1, 0.838266666666667, 1
4, 7312, 2, 1, 0, 0, 0.9968, 1
4, 7313, 2, 0, 0, 1, 0.9716, 1
4, 7314, 2, 0, 0, 1, 0.95, 1
4, 7315, 2, 0, 0, 1, 0.958933333333333, 1
4, 7316, 2, 1, 0, 0, 0.981733333333333, 1
4, 7317, 2, 0, 0, 1, 0.954, 1
4, 7318, 2, 1, 0, 0, 0.992666666666667, 1
4, 7319, 2, 1, 0, 0, 0.9992, 1
4, 7320, 2, 0, 0, 1, 0.8944, 1
4, 7321, 2, 0, 0, 1, 0.635466666666667, 1
4, 7322, 2, 1, 0, 0, 0.993866666666667, 1
4, 7323, 2, 1, 0, 0, 0.9996, 1
4, 7324, 2, 0, 0, 1, 0.514533333333333, 1
4, 7325, 2, 0, 0, 1, 0.941466666666667, 1
4, 7326, 2, 1, 0, 0, 0.9996, 1
4, 7327, 2, 0, 0, 1, 0.868666666666667, 1
4, 7328, 2, 0, 0, 1, 0.656266666666667, 1
4, 7329, 2, 1, 0, 0, 0.992533333333333, 1
4, 7330, 2, 1, 0, 0, 0.995733333333333, 1
4, 7331, 2, 1, 0, 0, 0.998666666666667, 1
4, 7332, 2, 0, 0, 1, 0.702933333333333, 1
4, 7333, 2, 0, 0, 1, 0.9276, 1
4, 7334, 2, 0, 0, 1, 0.7288, 1
4, 7335, 2, 0, 0, 1, 0.923733333333333, 1
4, 7336, 2, 1, 0, 0, 0.998, 1
4, 7337, 2, 0, 0, 1, 0.498266666666667, 1
4, 7338, 2, 1, 0, 0, 0.999733333333333, 1
4, 7339, 2, 1, 0, 0, 0.991333333333333, 1
4, 7340, 2, 1, 0, 0, 0.990266666666667, 1
4, 7341, 2, 1, 0, 0, 1, 1
4, 7342, 2, 0, 0, 1, 0.3244, 1
4, 7343, 2, 1, 0, 0, 1, 1
4, 7344, 2, 1, 0, 0, 0.985066666666667, 1
4, 7345, 2, 1, 0, 0, 0.988933333333333, 1
4, 7346, 2, 1, 0, 0, 0.990933333333333, 1
4, 7347, 2, 0, 0, 1, 0.777466666666667, 1
4, 7348, 2, 1, 0, 0, 0.997466666666667, 1
4, 7349, 2, 1, 0, 0, 0.998666666666667, 1
4, 7350, 2, 1, 0, 0, 0.9952, 1
4, 7351, 2, 1, 0, 0, 0.998666666666667, 1
4, 7352, 2, 1, 0, 0, 0.999466666666667, 1
4, 7353, 2, 0, 0, 1, 0.649733333333333, 1
4, 7354, 2, 0, 0, 1, 0.892666666666667, 1
4, 7355, 2, 1, 0, 0, 0.9936, 1
4, 7356, 2, 1, 0, 0, 0.9972, 1
4, 7357, 2, 0, 0, 1, 0.784, 1
4, 7358, 2, 1, 0, 0, 0.999733333333333, 1
4, 7359, 2, 1, 0, 0, 0.9992, 1
4, 7360, 2, 1, 0, 0, 1, 1
4, 7361, 2, 0, 0, 1, 0.8744, 1
4, 7362, 2, 1, 0, 0, 0.994, 1
4, 7363, 2, 0, 0, 1, 0.455866666666667, 1
4, 7364, 2, 1, 0, 0, 0.9904, 1
4, 7365, 2, 0, 0, 1, 0.5452, 1
4, 7366, 2, 0, 0, 1, 0.904666666666667, 1
4, 7367, 2, 0, 0, 1, 0.828666666666667, 1
4, 7368, 2, 0, 0, 1, 0.522666666666667, 1
4, 7369, 2, 0, 0, 1, 0.867733333333333, 1
4, 7370, 2, 0, 0, 1, 0.687866666666667, 1
4, 7371, 2, 0, 0, 1, 0.831333333333333, 1
4, 7372, 2, 0, 0, 1, 0.820533333333333, 1
4, 7373, 2, 0, 0, 1, 0.595866666666667, 1
4, 7374, 2, 1, 0, 0, 0.990933333333333, 1
4, 7375, 2, 0, 0, 1, 0.9656, 1
4, 7376, 2, 0, 0, 1, 0.717466666666667, 1
4, 7377, 2, 1, 0, 0, 0.9992, 1
4, 7378, 2, 0, 0, 1, 0.945733333333333, 1
4, 7379, 2, 1, 0, 0, 0.991466666666667, 1
4, 7380, 2, 1, 0, 0, 0.984533333333333, 1
4, 7381, 2, 0, 0, 1, 0.9236, 1
4, 7382, 2, 1, 0, 0, 0.991466666666667, 1
4, 7383, 2, 1, 0, 0, 0.9992, 1
4, 7384, 2, 0, 0, 1, 0.7852, 1
4, 7385, 2, 0, 0, 1, 0.775333333333333, 1
4, 7386, 2, 0, 0, 1, 0.857466666666667, 1
4, 7387, 2, 0, 0, 1, 0.5348, 1
4, 7388, 2, 1, 0, 0, 0.9928, 1
4, 7389, 2, 0, 0, 1, 0.926, 1
4, 7390, 2, 0, 0, 1, 0.6176, 1
4, 7391, 2, 0, 0, 1, 0.968533333333333, 1
4, 7392, 2, 0, 0, 1, 0.591066666666667, 1
4, 7393, 2, 0, 0, 1, 0.534933333333333, 1
4, 7394, 2, 0, 0, 1, 0.942933333333333, 1
4, 7395, 2, 1, 0, 0, 0.995466666666667, 1
4, 7396, 2, 1, 0, 0, 0.9848, 1
4, 7397, 2, 0, 0, 1, 0.889733333333333, 1
4, 7398, 2, 0, 0, 1, 0.8796, 1
4, 7399, 2, 0, 0, 1, 0.717066666666667, 1
4, 7400, 2, 0, 0, 1, 0.952, 1
4, 7401, 2, 1, 0, 0, 0.9904, 1
4, 7402, 2, 0, 0, 1, 0.681466666666667, 1
4, 7403, 2, 0, 0, 1, 0.747866666666667, 1
4, 7404, 2, 1, 0, 0, 0.9972, 1
4, 7405, 2, 0, 0, 1, 0.7876, 1
4, 7406, 2, 0, 0, 1, 0.728133333333333, 1
4, 7407, 2, 1, 0, 0, 0.997733333333333, 1
4, 7408, 2, 0, 0, 1, 0.9704, 1
4, 7409, 2, 0, 0, 1, 0.9236, 1
4, 7410, 2, 1, 0, 0, 0.9996, 1
4, 7411, 2, 0, 0, 1, 0.6656, 1
4, 7412, 2, 0, 0, 1, 0.718533333333333, 1
4, 7413, 2, 0, 0, 1, 0.673466666666667, 1
4, 7414, 2, 1, 0, 0, 0.999733333333333, 1
4, 7415, 2, 0, 0, 1, 0.638533333333333, 1
4, 7416, 2, 0, 0, 1, 0.9616, 1
4, 7417, 2, 1, 0, 0, 0.984133333333333, 1
4, 7418, 2, 1, 0, 0, 0.9908, 1
4, 7419, 2, 0, 0, 1, 0.9532, 1
4, 7420, 2, 0, 0, 1, 0.6944, 1
4, 7421, 2, 0, 0, 1, 0.903066666666667, 1
4, 7422, 2, 1, 0, 0, 0.999733333333333, 1
4, 7423, 2, 1, 0, 0, 0.9984, 1
4, 7424, 2, 1, 0, 0, 0.9976, 1
4, 7425, 2, 0, 0, 1, 0.7988, 1
4, 7426, 2, 1, 0, 0, 0.994933333333333, 1
4, 7427, 2, 0, 0, 1, 0.473333333333333, 1
4, 7428, 2, 1, 0, 0, 0.9944, 1
4, 7429, 2, 1, 0, 0, 0.997866666666667, 1
4, 7430, 2, 0, 0, 1, 0.732666666666667, 1
4, 7431, 2, 1, 0, 0, 0.9892, 1
4, 7432, 2, 0, 0, 1, 0.957333333333333, 1
4, 7433, 2, 0, 0, 1, 0.8676, 1
4, 7434, 2, 0, 0, 1, 0.800266666666667, 1
4, 7435, 2, 0, 0, 1, 0.896266666666667, 1
4, 7436, 2, 0, 0, 1, 0.4352, 1
4, 7437, 2, 0, 0, 1, 0.942133333333333, 1
4, 7438, 2, 1, 0, 0, 0.997066666666667, 1
4, 7439, 2, 0, 0, 1, 0.595066666666667, 1
4, 7440, 2, 1, 0, 0, 0.990266666666667, 1
4, 7441, 2, 0, 0, 1, 0.847066666666667, 1
4, 7442, 2, 0, 0, 1, 0.966666666666667, 1
4, 7443, 2, 1, 0, 0, 0.9936, 1
4, 7444, 2, 1, 0, 0, 0.997866666666667, 1
4, 7445, 2, 0, 0, 1, 0.7448, 1
4, 7446, 2, 0, 0, 1, 0.849066666666667, 1
4, 7447, 2, 1, 0, 0, 0.9976, 1
4, 7448, 2, 0, 0, 1, 0.6544, 1
4, 7449, 2, 1, 0, 0, 0.980266666666667, 1
4, 7450, 2, 0, 0, 1, 0.934933333333333, 1
4, 7451, 2, 1, 0, 0, 0.991866666666667, 1
4, 7452, 2, 0, 0, 1, 0.755733333333333, 1
4, 7453, 2, 0, 0, 1, 0.956533333333333, 1
4, 7454, 2, 1, 0, 0, 0.999066666666667, 1
4, 7455, 2, 0, 0, 1, 0.875466666666667, 1
4, 7456, 2, 1, 0, 0, 0.999066666666667, 1
4, 7457, 2, 0, 0, 1, 0.9676, 1
4, 7458, 2, 1, 0, 0, 0.982533333333333, 1
4, 7459, 2, 0, 0, 1, 0.9692, 1
4, 7460, 2, 0, 0, 1, 0.742533333333333, 1
4, 7461, 2, 1, 0, 0, 0.996266666666667, 1
4, 7462, 2, 1, 0, 0, 0.990266666666667, 1
4, 7463, 2, 0, 0, 1, 0.1388, 1
4, 7464, 2, 0, 0, 1, 0.852, 1
4, 7465, 2, 0, 0, 1, 0.8928, 1
4, 7466, 2, 0, 0, 1, 0.934, 1
4, 7467, 2, 1, 0, 0, 0.984666666666667, 1
4, 7468, 2, 0, 0, 1, 0.970933333333333, 1
4, 7469, 2, 0, 0, 1, 0.708666666666667, 1
4, 7470, 2, 1, 0, 0, 0.994933333333333, 1
4, 7471, 2, 1, 0, 0, 0.999866666666667, 1
4, 7472, 2, 0, 0, 1, 0.535733333333333, 1
4, 7473, 2, 0, 0, 1, 0.894266666666667, 1
4, 7474, 2, 0, 0, 1, 0.874266666666667, 1
4, 7475, 2, 0, 0, 1, 0.966266666666667, 1
4, 7476, 2, 0, 0, 1, 0.969066666666667, 1
4, 7477, 2, 0, 0, 1, 0.555333333333333, 1
4, 7478, 2, 1, 0, 0, 0.976266666666667, 1
4, 7479, 2, 1, 0, 0, 0.9992, 1
4, 7480, 2, 0, 0, 1, 0.931333333333333, 1
4, 7481, 2, 1, 0, 0, 0.983333333333333, 1
4, 7482, 2, 1, 0, 0, 0.9992, 1
4, 7483, 2, 0, 0, 1, 0.623466666666667, 1
4, 7484, 2, 1, 0, 0, 0.9884, 1
4, 7485, 2, 1, 0, 0, 0.975333333333333, 1
4, 7486, 2, 1, 0, 0, 0.986266666666667, 1
4, 7487, 2, 0, 0, 1, 0.1744, 1
4, 7488, 2, 1, 0, 0, 0.990666666666667, 1
4, 7489, 2, 1, 0, 0, 0.992266666666667, 1
4, 7490, 2, 0, 0, 1, 0.974666666666667, 1
4, 7491, 2, 1, 0, 0, 0.981066666666667, 1
4, 7492, 2, 0, 0, 1, 0.934133333333333, 1
4, 7493, 2, 0, 0, 1, 0.9312, 1
4, 7494, 2, 0, 0, 1, 0.6928, 1
4, 7495, 2, 0, 0, 1, 0.382533333333333, 1
4, 7496, 2, 0, 0, 1, 0.845066666666667, 1
4, 7497, 2, 1, 0, 0, 0.994133333333333, 1
4, 7498, 2, 0, 0, 1, 0.864666666666667, 1
4, 7499, 2, 1, 0, 0, 0.9756, 1
4, 7500, 2, 0, 0, 1, 0.761733333333333, 1
4, 7501, 2, 1, 0, 0, 1, 1
4, 7502, 2, 1, 0, 0, 1, 1
4, 7503, 2, 1, 0, 0, 1, 1
4, 7504, 2, 1, 0, 0, 0.994933333333333, 1
4, 7505, 2, 1, 0, 0, 1, 1
4, 7506, 2, 1, 0, 0, 0.998933333333333, 1
4, 7507, 2, 1, 0, 0, 1, 1
4, 7508, 2, 1, 0, 0, 1, 1
4, 7509, 2, 1, 0, 0, 1, 1
4, 7510, 2, 1, 0, 0, 1, 1
4, 7511, 2, 1, 0, 0, 1, 1
4, 7512, 2, 1, 0, 0, 1, 1
4, 7513, 2, 1, 0, 0, 1, 1
4, 7514, 2, 1, 0, 0, 0.998533333333333, 1
4, 7515, 2, 1, 0, 0, 1, 1
4, 7516, 2, 1, 0, 0, 0.996933333333333, 1
4, 7517, 2, 1, 0, 0, 1, 1
4, 7518, 2, 1, 0, 0, 0.997333333333333, 1
4, 7519, 2, 1, 0, 0, 1, 1
4, 7520, 2, 1, 0, 0, 1, 1
4, 7521, 2, 1, 0, 0, 1, 1
4, 7522, 2, 1, 0, 0, 1, 1
4, 7523, 2, 1, 0, 0, 0.999733333333333, 1
4, 7524, 2, 1, 0, 0, 0.998933333333333, 1
4, 7525, 2, 1, 0, 0, 1, 1
4, 7526, 2, 1, 0, 0, 1, 1
4, 7527, 2, 1, 0, 0, 0.996266666666667, 1
4, 7528, 2, 1, 0, 0, 1, 1
4, 7529, 2, 1, 0, 0, 1, 1
4, 7530, 2, 1, 0, 0, 1, 1
4, 7531, 2, 1, 0, 0, 1, 1
4, 7532, 2, 1, 0, 0, 1, 1
4, 7533, 2, 1, 0, 0, 1, 1
4, 7534, 2, 1, 0, 0, 1, 1
4, 7535, 2, 1, 0, 0, 1, 1
4, 7536, 2, 1, 0, 0, 1, 1
4, 7537, 2, 1, 0, 0, 1, 1
4, 7538, 2, 1, 0, 0, 0.999466666666667, 1
4, 7539, 2, 1, 0, 0, 1, 1
4, 7540, 2, 1, 0, 0, 0.998933333333333, 1
4, 7541, 2, 1, 0, 0, 1, 1
4, 7542, 2, 1, 0, 0, 1, 1
4, 7543, 2, 1, 0, 0, 1, 1
4, 7544, 2, 1, 0, 0, 1, 1
4, 7545, 2, 1, 0, 0, 1, 1
4, 7546, 2, 1, 0, 0, 1, 1
4, 7547, 2, 1, 0, 0, 0.999866666666667, 1
4, 7548, 2, 1, 0, 0, 1, 1
4, 7549, 2, 1, 0, 0, 1, 1
4, 7550, 2, 1, 0, 0, 1, 1
4, 7551, 2, 1, 0, 0, 1, 1
4, 7552, 2, 1, 0, 0, 0.999866666666667, 1
4, 7553, 2, 1, 0, 0, 0.999333333333333, 1
4, 7554, 2, 1, 0, 0, 0.999466666666667, 1
4, 7555, 2, 1, 0, 0, 1, 1
4, 7556, 2, 1, 0, 0, 1, 1
4, 7557, 2, 1, 0, 0, 1, 1
4, 7558, 2, 1, 0, 0, 1, 1
4, 7559, 2, 1, 0, 0, 1, 1
4, 7560, 2, 1, 0, 0, 1, 1
4, 7561, 2, 1, 0, 0, 1, 1
4, 7562, 2, 1, 0, 0, 1, 1
4, 7563, 2, 1, 0, 0, 1, 1
4, 7564, 2, 1, 0, 0, 1, 1
4, 7565, 2, 1, 0, 0, 1, 1
4, 7566, 2, 1, 0, 0, 1, 1
4, 7567, 2, 1, 0, 0, 1, 1
4, 7568, 2, 1, 0, 0, 1, 1
4, 7569, 2, 1, 0, 0, 1, 1
4, 7570, 2, 1, 0, 0, 0.995066666666667, 1
4, 7571, 2, 1, 0, 0, 1, 1
4, 7572, 2, 1, 0, 0, 1, 1
4, 7573, 2, 1, 0, 0, 0.999866666666667, 1
4, 7574, 2, 1, 0, 0, 0.9992, 1
4, 7575, 2, 1, 0, 0, 0.999866666666667, 1
4, 7576, 2, 1, 0, 0, 1, 1
4, 7577, 2, 1, 0, 0, 1, 1
4, 7578, 2, 1, 0, 0, 1, 1
4, 7579, 2, 1, 0, 0, 0.998666666666667, 1
4, 7580, 2, 1, 0, 0, 1, 1
4, 7581, 2, 1, 0, 0, 0.9996, 1
4, 7582, 2, 1, 0, 0, 1, 1
4, 7583, 2, 1, 0, 0, 1, 1
4, 7584, 2, 1, 0, 0, 0.998933333333333, 1
4, 7585, 2, 1, 0, 0, 0.999733333333333, 1
4, 7586, 2, 1, 0, 0, 1, 1
4, 7587, 2, 1, 0, 0, 0.994133333333333, 1
4, 7588, 2, 1, 0, 0, 1, 1
4, 7589, 2, 1, 0, 0, 0.998266666666667, 1
4, 7590, 2, 1, 0, 0, 1, 1
4, 7591, 2, 1, 0, 0, 0.999866666666667, 1
4, 7592, 2, 1, 0, 0, 0.9992, 1
4, 7593, 2, 1, 0, 0, 1, 1
4, 7594, 2, 1, 0, 0, 1, 1
4, 7595, 2, 1, 0, 0, 1, 1
4, 7596, 2, 1, 0, 0, 1, 1
4, 7597, 2, 1, 0, 0, 1, 1
4, 7598, 2, 1, 0, 0, 1, 1
4, 7599, 2, 1, 0, 0, 1, 1
4, 7600, 2, 1, 0, 0, 1, 1
4, 7601, 2, 1, 0, 0, 1, 1
4, 7602, 2, 1, 0, 0, 1, 1
4, 7603, 2, 1, 0, 0, 1, 1
4, 7604, 2, 1, 0, 0, 1, 1
4, 7605, 2, 1, 0, 0, 1, 1
4, 7606, 2, 1, 0, 0, 1, 1
4, 7607, 2, 1, 0, 0, 1, 1
4, 7608, 2, 1, 0, 0, 1, 1
4, 7609, 2, 1, 0, 0, 0.999866666666667, 1
4, 7610, 2, 1, 0, 0, 1, 1
4, 7611, 2, 1, 0, 0, 1, 1
4, 7612, 2, 1, 0, 0, 1, 1
4, 7613, 2, 1, 0, 0, 1, 1
4, 7614, 2, 1, 0, 0, 1, 1
4, 7615, 2, 1, 0, 0, 1, 1
4, 7616, 2, 1, 0, 0, 1, 1
4, 7617, 2, 1, 0, 0, 1, 1
4, 7618, 2, 1, 0, 0, 1, 1
4, 7619, 2, 1, 0, 0, 0.999866666666667, 1
4, 7620, 2, 1, 0, 0, 1, 1
4, 7621, 2, 1, 0, 0, 0.999866666666667, 1
4, 7622, 2, 1, 0, 0, 1, 1
4, 7623, 2, 1, 0, 0, 0.999866666666667, 1
4, 7624, 2, 1, 0, 0, 1, 1
4, 7625, 2, 1, 0, 0, 1, 1
4, 7626, 2, 1, 0, 0, 0.999333333333333, 1
4, 7627, 2, 1, 0, 0, 1, 1
4, 7628, 2, 1, 0, 0, 1, 1
4, 7629, 2, 1, 0, 0, 1, 1
4, 7630, 2, 1, 0, 0, 1, 1
4, 7631, 2, 1, 0, 0, 1, 1
4, 7632, 2, 1, 0, 0, 1, 1
4, 7633, 2, 1, 0, 0, 1, 1
4, 7634, 2, 1, 0, 0, 1, 1
4, 7635, 2, 1, 0, 0, 1, 1
4, 7636, 2, 1, 0, 0, 1, 1
4, 7637, 2, 1, 0, 0, 1, 1
4, 7638, 2, 1, 0, 0, 1, 1
4, 7639, 2, 1, 0, 0, 1, 1
4, 7640, 2, 1, 0, 0, 1, 1
4, 7641, 2, 1, 0, 0, 0.999866666666667, 1
4, 7642, 2, 1, 0, 0, 0.999866666666667, 1
4, 7643, 2, 1, 0, 0, 1, 1
4, 7644, 2, 1, 0, 0, 1, 1
4, 7645, 2, 1, 0, 0, 1, 1
4, 7646, 2, 1, 0, 0, 1, 1
4, 7647, 2, 1, 0, 0, 1, 1
4, 7648, 2, 1, 0, 0, 1, 1
4, 7649, 2, 1, 0, 0, 1, 1
4, 7650, 2, 1, 0, 0, 1, 1
4, 7651, 2, 1, 0, 0, 1, 1
4, 7652, 2, 1, 0, 0, 0.999866666666667, 1
4, 7653, 2, 1, 0, 0, 1, 1
4, 7654, 2, 1, 0, 0, 1, 1
4, 7655, 2, 1, 0, 0, 0.999733333333333, 1
4, 7656, 2, 1, 0, 0, 1, 1
4, 7657, 2, 1, 0, 0, 1, 1
4, 7658, 2, 1, 0, 0, 1, 1
4, 7659, 2, 1, 0, 0, 1, 1
4, 7660, 2, 1, 0, 0, 1, 1
4, 7661, 2, 1, 0, 0, 1, 1
4, 7662, 2, 1, 0, 0, 1, 1
4, 7663, 2, 1, 0, 0, 1, 1
4, 7664, 2, 1, 0, 0, 1, 1
4, 7665, 2, 1, 0, 0, 1, 1
4, 7666, 2, 1, 0, 0, 1, 1
4, 7667, 2, 1, 0, 0, 1, 1
4, 7668, 2, 1, 0, 0, 1, 1
4, 7669, 2, 1, 0, 0, 1, 1
4, 7670, 2, 1, 0, 0, 1, 1
4, 7671, 2, 1, 0, 0, 0.999866666666667, 1
4, 7672, 2, 1, 0, 0, 0.9996, 1
4, 7673, 2, 1, 0, 0, 1, 1
4, 7674, 2, 1, 0, 0, 0.999066666666667, 1
4, 7675, 2, 1, 0, 0, 1, 1
4, 7676, 2, 1, 0, 0, 1, 1
4, 7677, 2, 1, 0, 0, 1, 1
4, 7678, 2, 1, 0, 0, 1, 1
4, 7679, 2, 1, 0, 0, 1, 1
4, 7680, 2, 1, 0, 0, 1, 1
4, 7681, 2, 1, 0, 0, 1, 1
4, 7682, 2, 1, 0, 0, 1, 1
4, 7683, 2, 1, 0, 0, 1, 1
4, 7684, 2, 1, 0, 0, 1, 1
4, 7685, 2, 1, 0, 0, 0.999333333333333, 1
4, 7686, 2, 1, 0, 0, 1, 1
4, 7687, 2, 1, 0, 0, 1, 1
4, 7688, 2, 1, 0, 0, 1, 1
4, 7689, 2, 1, 0, 0, 1, 1
4, 7690, 2, 1, 0, 0, 1, 1
4, 7691, 2, 1, 0, 0, 1, 1
4, 7692, 2, 1, 0, 0, 1, 1
4, 7693, 2, 1, 0, 0, 1, 1
4, 7694, 2, 1, 0, 0, 1, 1
4, 7695, 2, 1, 0, 0, 1, 1
4, 7696, 2, 1, 0, 0, 1, 1
4, 7697, 2, 1, 0, 0, 0.9988, 1
4, 7698, 2, 1, 0, 0, 1, 1
4, 7699, 2, 1, 0, 0, 1, 1
4, 7700, 2, 1, 0, 0, 1, 1
4, 7701, 2, 1, 0, 0, 1, 1
4, 7702, 2, 1, 0, 0, 1, 1
4, 7703, 2, 1, 0, 0, 1, 1
4, 7704, 2, 1, 0, 0, 1, 1
4, 7705, 2, 1, 0, 0, 1, 1
4, 7706, 2, 1, 0, 0, 1, 1
4, 7707, 2, 1, 0, 0, 1, 1
4, 7708, 2, 1, 0, 0, 1, 1
4, 7709, 2, 1, 0, 0, 1, 1
4, 7710, 2, 1, 0, 0, 0.999733333333333, 1
4, 7711, 2, 1, 0, 0, 1, 1
4, 7712, 2, 1, 0, 0, 1, 1
4, 7713, 2, 1, 0, 0, 1, 1
4, 7714, 2, 1, 0, 0, 1, 1
4, 7715, 2, 1, 0, 0, 1, 1
4, 7716, 2, 1, 0, 0, 0.999733333333333, 1
4, 7717, 2, 1, 0, 0, 1, 1
4, 7718, 2, 1, 0, 0, 1, 1
4, 7719, 2, 1, 0, 0, 1, 1
4, 7720, 2, 1, 0, 0, 0.9996, 1
4, 7721, 2, 1, 0, 0, 1, 1
4, 7722, 2, 1, 0, 0, 0.9996, 1
4, 7723, 2, 1, 0, 0, 0.999866666666667, 1
4, 7724, 2, 1, 0, 0, 0.9992, 1
4, 7725, 2, 1, 0, 0, 1, 1
4, 7726, 2, 1, 0, 0, 1, 1
4, 7727, 2, 1, 0, 0, 1, 1
4, 7728, 2, 1, 0, 0, 0.999866666666667, 1
4, 7729, 2, 1, 0, 0, 0.999733333333333, 1
4, 7730, 2, 1, 0, 0, 1, 1
4, 7731, 2, 1, 0, 0, 1, 1
4, 7732, 2, 1, 0, 0, 0.998933333333333, 1
4, 7733, 2, 1, 0, 0, 1, 1
4, 7734, 2, 1, 0, 0, 1, 1
4, 7735, 2, 1, 0, 0, 1, 1
4, 7736, 2, 1, 0, 0, 0.999866666666667, 1
4, 7737, 2, 1, 0, 0, 1, 1
4, 7738, 2, 1, 0, 0, 1, 1
4, 7739, 2, 1, 0, 0, 1, 1
4, 7740, 2, 1, 0, 0, 1, 1
4, 7741, 2, 1, 0, 0, 1, 1
4, 7742, 2, 1, 0, 0, 1, 1
4, 7743, 2, 1, 0, 0, 1, 1
4, 7744, 2, 1, 0, 0, 1, 1
4, 7745, 2, 1, 0, 0, 0.999866666666667, 1
4, 7746, 2, 1, 0, 0, 0.997866666666667, 1
4, 7747, 2, 1, 0, 0, 0.999733333333333, 1
4, 7748, 2, 1, 0, 0, 1, 1
4, 7749, 2, 1, 0, 0, 1, 1
4, 7750, 2, 1, 0, 0, 1, 1
4, 7751, 2, 1, 0, 0, 1, 1
4, 7752, 2, 1, 0, 0, 1, 1
4, 7753, 2, 1, 0, 0, 1, 1
4, 7754, 2, 1, 0, 0, 1, 1
4, 7755, 2, 1, 0, 0, 1, 1
4, 7756, 2, 1, 0, 0, 0.999866666666667, 1
4, 7757, 2, 1, 0, 0, 1, 1
4, 7758, 2, 1, 0, 0, 1, 1
4, 7759, 2, 1, 0, 0, 1, 1
4, 7760, 2, 1, 0, 0, 1, 1
4, 7761, 2, 1, 0, 0, 1, 1
4, 7762, 2, 1, 0, 0, 1, 1
4, 7763, 2, 1, 0, 0, 0.999866666666667, 1
4, 7764, 2, 1, 0, 0, 1, 1
4, 7765, 2, 1, 0, 0, 1, 1
4, 7766, 2, 1, 0, 0, 1, 1
4, 7767, 2, 1, 0, 0, 1, 1
4, 7768, 2, 1, 0, 0, 0.9996, 1
4, 7769, 2, 1, 0, 0, 1, 1
4, 7770, 2, 1, 0, 0, 1, 1
4, 7771, 2, 1, 0, 0, 1, 1
4, 7772, 2, 1, 0, 0, 1, 1
4, 7773, 2, 1, 0, 0, 1, 1
4, 7774, 2, 1, 0, 0, 0.999866666666667, 1
4, 7775, 2, 1, 0, 0, 0.999866666666667, 1
4, 7776, 2, 1, 0, 0, 1, 1
4, 7777, 2, 1, 0, 0, 1, 1
4, 7778, 2, 1, 0, 0, 0.998133333333333, 1
4, 7779, 2, 1, 0, 0, 1, 1
4, 7780, 2, 1, 0, 0, 1, 1
4, 7781, 2, 1, 0, 0, 0.9992, 1
4, 7782, 2, 1, 0, 0, 1, 1
4, 7783, 2, 1, 0, 0, 1, 1
4, 7784, 2, 1, 0, 0, 0.9996, 1
4, 7785, 2, 1, 0, 0, 1, 1
4, 7786, 2, 1, 0, 0, 1, 1
4, 7787, 2, 1, 0, 0, 0.999733333333333, 1
4, 7788, 2, 1, 0, 0, 1, 1
4, 7789, 2, 1, 0, 0, 1, 1
4, 7790, 2, 1, 0, 0, 1, 1
4, 7791, 2, 1, 0, 0, 1, 1
4, 7792, 2, 1, 0, 0, 1, 1
4, 7793, 2, 1, 0, 0, 1, 1
4, 7794, 2, 1, 0, 0, 1, 1
4, 7795, 2, 1, 0, 0, 1, 1
4, 7796, 2, 1, 0, 0, 1, 1
4, 7797, 2, 1, 0, 0, 1, 1
4, 7798, 2, 1, 0, 0, 0.999866666666667, 1
4, 7799, 2, 1, 0, 0, 1, 1
4, 7800, 2, 1, 0, 0, 1, 1
4, 7801, 2, 1, 0, 0, 1, 1
4, 7802, 2, 1, 0, 0, 0.9976, 1
4, 7803, 2, 1, 0, 0, 0.998933333333333, 1
4, 7804, 2, 1, 0, 0, 0.999066666666667, 1
4, 7805, 2, 1, 0, 0, 1, 1
4, 7806, 2, 1, 0, 0, 1, 1
4, 7807, 2, 1, 0, 0, 1, 1
4, 7808, 2, 1, 0, 0, 1, 1
4, 7809, 2, 1, 0, 0, 0.999733333333333, 1
4, 7810, 2, 1, 0, 0, 1, 1
4, 7811, 2, 1, 0, 0, 1, 1
4, 7812, 2, 1, 0, 0, 1, 1
4, 7813, 2, 1, 0, 0, 1, 1
4, 7814, 2, 1, 0, 0, 1, 1
4, 7815, 2, 1, 0, 0, 1, 1
4, 7816, 2, 1, 0, 0, 0.9972, 1
4, 7817, 2, 1, 0, 0, 0.999733333333333, 1
4, 7818, 2, 1, 0, 0, 1, 1
4, 7819, 2, 1, 0, 0, 1, 1
4, 7820, 2, 1, 0, 0, 1, 1
4, 7821, 2, 1, 0, 0, 1, 1
4, 7822, 2, 1, 0, 0, 1, 1
4, 7823, 2, 1, 0, 0, 1, 1
4, 7824, 2, 1, 0, 0, 1, 1
4, 7825, 2, 1, 0, 0, 1, 1
4, 7826, 2, 1, 0, 0, 1, 1
4, 7827, 2, 1, 0, 0, 1, 1
4, 7828, 2, 1, 0, 0, 0.999866666666667, 1
4, 7829, 2, 1, 0, 0, 1, 1
4, 7830, 2, 1, 0, 0, 1, 1
4, 7831, 2, 1, 0, 0, 1, 1
4, 7832, 2, 1, 0, 0, 1, 1
4, 7833, 2, 1, 0, 0, 1, 1
4, 7834, 2, 1, 0, 0, 0.999866666666667, 1
4, 7835, 2, 1, 0, 0, 1, 1
4, 7836, 2, 1, 0, 0, 1, 1
4, 7837, 2, 1, 0, 0, 1, 1
4, 7838, 2, 1, 0, 0, 0.999866666666667, 1
4, 7839, 2, 1, 0, 0, 1, 1
4, 7840, 2, 1, 0, 0, 1, 1
4, 7841, 2, 1, 0, 0, 1, 1
4, 7842, 2, 1, 0, 0, 1, 1
4, 7843, 2, 1, 0, 0, 1, 1
4, 7844, 2, 1, 0, 0, 1, 1
4, 7845, 2, 1, 0, 0, 1, 1
4, 7846, 2, 1, 0, 0, 1, 1
4, 7847, 2, 1, 0, 0, 0.991866666666667, 1
4, 7848, 2, 1, 0, 0, 1, 1
4, 7849, 2, 1, 0, 0, 1, 1
4, 7850, 2, 1, 0, 0, 1, 1
4, 7851, 2, 1, 0, 0, 1, 1
4, 7852, 2, 1, 0, 0, 1, 1
4, 7853, 2, 1, 0, 0, 0.998133333333333, 1
4, 7854, 2, 1, 0, 0, 0.999866666666667, 1
4, 7855, 2, 1, 0, 0, 1, 1
4, 7856, 2, 1, 0, 0, 1, 1
4, 7857, 2, 1, 0, 0, 1, 1
4, 7858, 2, 1, 0, 0, 0.999866666666667, 1
4, 7859, 2, 1, 0, 0, 1, 1
4, 7860, 2, 1, 0, 0, 1, 1
4, 7861, 2, 1, 0, 0, 1, 1
4, 7862, 2, 1, 0, 0, 1, 1
4, 7863, 2, 1, 0, 0, 1, 1
4, 7864, 2, 1, 0, 0, 1, 1
4, 7865, 2, 1, 0, 0, 1, 1
4, 7866, 2, 1, 0, 0, 1, 1
4, 7867, 2, 1, 0, 0, 1, 1
4, 7868, 2, 1, 0, 0, 1, 1
4, 7869, 2, 1, 0, 0, 1, 1
4, 7870, 2, 1, 0, 0, 1, 1
4, 7871, 2, 1, 0, 0, 1, 1
4, 7872, 2, 1, 0, 0, 1, 1
4, 7873, 2, 1, 0, 0, 1, 1
4, 7874, 2, 1, 0, 0, 1, 1
4, 7875, 2, 1, 0, 0, 1, 1
4, 7876, 2, 1, 0, 0, 1, 1
4, 7877, 2, 1, 0, 0, 1, 1
4, 7878, 2, 1, 0, 0, 1, 1
4, 7879, 2, 1, 0, 0, 1, 1
4, 7880, 2, 1, 0, 0, 1, 1
4, 7881, 2, 1, 0, 0, 1, 1
4, 7882, 2, 1, 0, 0, 1, 1
4, 7883, 2, 1, 0, 0, 1, 1
4, 7884, 2, 1, 0, 0, 1, 1
4, 7885, 2, 1, 0, 0, 0.999866666666667, 1
4, 7886, 2, 1, 0, 0, 1, 1
4, 7887, 2, 1, 0, 0, 0.999866666666667, 1
4, 7888, 2, 1, 0, 0, 0.9996, 1
4, 7889, 2, 1, 0, 0, 0.999866666666667, 1
4, 7890, 2, 1, 0, 0, 0.9996, 1
4, 7891, 2, 1, 0, 0, 1, 1
4, 7892, 2, 1, 0, 0, 1, 1
4, 7893, 2, 1, 0, 0, 1, 1
4, 7894, 2, 1, 0, 0, 0.999466666666667, 1
4, 7895, 2, 1, 0, 0, 1, 1
4, 7896, 2, 1, 0, 0, 1, 1
4, 7897, 2, 1, 0, 0, 1, 1
4, 7898, 2, 1, 0, 0, 1, 1
4, 7899, 2, 1, 0, 0, 1, 1
4, 7900, 2, 1, 0, 0, 1, 1
4, 7901, 2, 1, 0, 0, 1, 1
4, 7902, 2, 1, 0, 0, 1, 1
4, 7903, 2, 1, 0, 0, 1, 1
4, 7904, 2, 1, 0, 0, 1, 1
4, 7905, 2, 1, 0, 0, 1, 1
4, 7906, 2, 1, 0, 0, 1, 1
4, 7907, 2, 1, 0, 0, 1, 1
4, 7908, 2, 1, 0, 0, 1, 1
4, 7909, 2, 1, 0, 0, 1, 1
4, 7910, 2, 1, 0, 0, 0.9996, 1
4, 7911, 2, 1, 0, 0, 1, 1
4, 7912, 2, 1, 0, 0, 1, 1
4, 7913, 2, 1, 0, 0, 1, 1
4, 7914, 2, 1, 0, 0, 1, 1
4, 7915, 2, 1, 0, 0, 1, 1
4, 7916, 2, 1, 0, 0, 1, 1
4, 7917, 2, 1, 0, 0, 1, 1
4, 7918, 2, 1, 0, 0, 1, 1
4, 7919, 2, 1, 0, 0, 1, 1
4, 7920, 2, 1, 0, 0, 1, 1
4, 7921, 2, 1, 0, 0, 1, 1
4, 7922, 2, 1, 0, 0, 1, 1
4, 7923, 2, 1, 0, 0, 1, 1
4, 7924, 2, 1, 0, 0, 1, 1
4, 7925, 2, 1, 0, 0, 0.999733333333333, 1
4, 7926, 2, 1, 0, 0, 1, 1
4, 7927, 2, 1, 0, 0, 0.999733333333333, 1
4, 7928, 2, 1, 0, 0, 0.999866666666667, 1
4, 7929, 2, 1, 0, 0, 1, 1
4, 7930, 2, 1, 0, 0, 1, 1
4, 7931, 2, 1, 0, 0, 1, 1
4, 7932, 2, 1, 0, 0, 1, 1
4, 7933, 2, 1, 0, 0, 1, 1
4, 7934, 2, 1, 0, 0, 1, 1
4, 7935, 2, 1, 0, 0, 1, 1
4, 7936, 2, 1, 0, 0, 1, 1
4, 7937, 2, 1, 0, 0, 1, 1
4, 7938, 2, 1, 0, 0, 1, 1
4, 7939, 2, 1, 0, 0, 1, 1
4, 7940, 2, 1, 0, 0, 0.999866666666667, 1
4, 7941, 2, 1, 0, 0, 1, 1
4, 7942, 2, 1, 0, 0, 1, 1
4, 7943, 2, 1, 0, 0, 1, 1
4, 7944, 2, 1, 0, 0, 1, 1
4, 7945, 2, 1, 0, 0, 0.999066666666667, 1
4, 7946, 2, 1, 0, 0, 1, 1
4, 7947, 2, 1, 0, 0, 1, 1
4, 7948, 2, 1, 0, 0, 0.999466666666667, 1
4, 7949, 2, 1, 0, 0, 1, 1
4, 7950, 2, 1, 0, 0, 0.999733333333333, 1
4, 7951, 2, 1, 0, 0, 1, 1
4, 7952, 2, 1, 0, 0, 1, 1
4, 7953, 2, 1, 0, 0, 0.9944, 1
4, 7954, 2, 1, 0, 0, 1, 1
4, 7955, 2, 1, 0, 0, 1, 1
4, 7956, 2, 1, 0, 0, 1, 1
4, 7957, 2, 1, 0, 0, 1, 1
4, 7958, 2, 1, 0, 0, 1, 1
4, 7959, 2, 1, 0, 0, 1, 1
4, 7960, 2, 1, 0, 0, 1, 1
4, 7961, 2, 1, 0, 0, 1, 1
4, 7962, 2, 1, 0, 0, 1, 1
4, 7963, 2, 1, 0, 0, 1, 1
4, 7964, 2, 1, 0, 0, 1, 1
4, 7965, 2, 1, 0, 0, 0.999733333333333, 1
4, 7966, 2, 1, 0, 0, 1, 1
4, 7967, 2, 1, 0, 0, 1, 1
4, 7968, 2, 1, 0, 0, 0.9992, 1
4, 7969, 2, 1, 0, 0, 1, 1
4, 7970, 2, 1, 0, 0, 1, 1
4, 7971, 2, 1, 0, 0, 1, 1
4, 7972, 2, 1, 0, 0, 1, 1
4, 7973, 2, 1, 0, 0, 1, 1
4, 7974, 2, 1, 0, 0, 1, 1
4, 7975, 2, 1, 0, 0, 0.999866666666667, 1
4, 7976, 2, 1, 0, 0, 1, 1
4, 7977, 2, 1, 0, 0, 1, 1
4, 7978, 2, 1, 0, 0, 1, 1
4, 7979, 2, 1, 0, 0, 0.9996, 1
4, 7980, 2, 1, 0, 0, 1, 1
4, 7981, 2, 1, 0, 0, 1, 1
4, 7982, 2, 1, 0, 0, 0.9996, 1
4, 7983, 2, 1, 0, 0, 1, 1
4, 7984, 2, 1, 0, 0, 1, 1
4, 7985, 2, 1, 0, 0, 1, 1
4, 7986, 2, 1, 0, 0, 1, 1
4, 7987, 2, 1, 0, 0, 1, 1
4, 7988, 2, 1, 0, 0, 1, 1
4, 7989, 2, 1, 0, 0, 1, 1
4, 7990, 2, 1, 0, 0, 0.999866666666667, 1
4, 7991, 2, 1, 0, 0, 1, 1
4, 7992, 2, 1, 0, 0, 1, 1
4, 7993, 2, 1, 0, 0, 1, 1
4, 7994, 2, 1, 0, 0, 1, 1
4, 7995, 2, 1, 0, 0, 1, 1
4, 7996, 2, 1, 0, 0, 1, 1
4, 7997, 2, 1, 0, 0, 1, 1
4, 7998, 2, 1, 0, 0, 0.994666666666667, 1
4, 7999, 2, 1, 0, 0, 1, 1
4, 8000, 2, 1, 0, 0, 0.999866666666667, 1
4, 8001, 2, 0, 0, 1, 0.617733333333333, 1
4, 8002, 2, 0, 0, 1, 0.8224, 1
4, 8003, 2, 0, 1, 0, 0.00466666666666667, 1
4, 8004, 2, 0, 0, 1, 0.8856, 1
4, 8005, 2, 0, 1, 0, 0.0292, 1
4, 8006, 2, 0, 0, 1, 0.4596, 1
4, 8007, 2, 0, 0, 1, 0.2984, 1
4, 8008, 2, 0, 0, 1, 0.764933333333333, 1
4, 8009, 2, 0, 0, 1, 0.854666666666667, 1
4, 8010, 2, 0, 0, 1, 0.844266666666667, 1
4, 8011, 2, 0, 0, 1, 0.646133333333333, 1
4, 8012, 2, 0, 0, 1, 0.3052, 1
4, 8013, 2, 0, 0, 1, 0.653066666666667, 1
4, 8014, 2, 0, 0, 1, 0.510266666666667, 1
4, 8015, 2, 0, 0, 1, 0.793466666666667, 1
4, 8016, 2, 0, 0, 1, 0.4184, 1
4, 8017, 2, 0, 0, 1, 0.777866666666667, 1
4, 8018, 2, 0, 0, 1, 0.648, 1
4, 8019, 2, 0, 0, 1, 0.440933333333333, 1
4, 8020, 2, 0, 0, 1, 0.2076, 1
4, 8021, 2, 0, 0, 1, 0.9604, 1
4, 8022, 2, 0, 0, 1, 0.337066666666667, 1
4, 8023, 2, 0, 0, 1, 0.1232, 1
4, 8024, 2, 0, 0, 1, 0.532933333333333, 1
4, 8025, 2, 0, 0, 1, 0.891733333333333, 1
4, 8026, 2, 0, 0, 1, 0.945333333333333, 1
4, 8027, 2, 0, 1, 0, 0.0245333333333333, 1
4, 8028, 2, 0, 0, 1, 0.449066666666667, 1
4, 8029, 2, 0, 0, 1, 0.566, 1
4, 8030, 2, 0, 0, 1, 0.8976, 1
4, 8031, 2, 0, 1, 0, 0.0450666666666667, 1
4, 8032, 2, 0, 1, 0, 0.0277333333333333, 1
4, 8033, 2, 0, 0, 1, 0.596533333333333, 1
4, 8034, 2, 0, 0, 1, 0.863066666666667, 1
4, 8035, 2, 0, 0, 1, 0.0969333333333333, 1
4, 8036, 2, 0, 0, 1, 0.9636, 1
4, 8037, 2, 0, 0, 1, 0.584933333333333, 1
4, 8038, 2, 0, 0, 1, 0.844, 1
4, 8039, 2, 0, 0, 1, 0.642133333333333, 1
4, 8040, 2, 0, 0, 1, 0.453466666666667, 1
4, 8041, 2, 0, 0, 1, 0.916133333333333, 1
4, 8042, 2, 0, 1, 0, 0.0092, 1
4, 8043, 2, 0, 0, 1, 0.323866666666667, 1
4, 8044, 2, 0, 0, 1, 0.792533333333333, 1
4, 8045, 2, 0, 0, 1, 0.1708, 1
4, 8046, 2, 0, 0, 1, 0.394666666666667, 1
4, 8047, 2, 0, 0, 1, 0.4332, 1
4, 8048, 2, 0, 0, 1, 0.320266666666667, 1
4, 8049, 2, 0, 0, 1, 0.2264, 1
4, 8050, 2, 0, 0, 1, 0.4836, 1
4, 8051, 2, 0, 0, 1, 0.256533333333333, 1
4, 8052, 2, 0, 0, 1, 0.5296, 1
4, 8053, 2, 0, 1, 0, 0.0192, 1
4, 8054, 2, 0, 0, 1, 0.524666666666667, 1
4, 8055, 2, 0, 0, 1, 0.229333333333333, 1
4, 8056, 2, 0, 0, 1, 0.775866666666667, 1
4, 8057, 2, 0, 0, 1, 0.7736, 1
4, 8058, 2, 0, 0, 1, 0.841733333333333, 1
4, 8059, 2, 0, 0, 1, 0.774266666666667, 1
4, 8060, 2, 0, 0, 1, 0.504266666666667, 1
4, 8061, 2, 0, 0, 1, 0.9028, 1
4, 8062, 2, 0, 0, 1, 0.652933333333333, 1
4, 8063, 2, 1, 0, 0, 0.978666666666667, 1
4, 8064, 2, 0, 0, 1, 0.9744, 1
4, 8065, 2, 0, 0, 1, 0.2152, 1
4, 8066, 2, 0, 0, 1, 0.8616, 1
4, 8067, 2, 0, 0, 1, 0.578266666666667, 1
4, 8068, 2, 0, 0, 1, 0.854133333333333, 1
4, 8069, 2, 0, 0, 1, 0.749333333333333, 1
4, 8070, 2, 0, 0, 1, 0.3808, 1
4, 8071, 2, 0, 0, 1, 0.520666666666667, 1
4, 8072, 2, 0, 1, 0, 0.0233333333333333, 1
4, 8073, 2, 0, 0, 1, 0.458133333333333, 1
4, 8074, 2, 0, 0, 1, 0.7272, 1
4, 8075, 2, 0, 0, 1, 0.318666666666667, 1
4, 8076, 2, 0, 0, 1, 0.860533333333333, 1
4, 8077, 2, 0, 0, 1, 0.752933333333333, 1
4, 8078, 2, 0, 0, 1, 0.682933333333333, 1
4, 8079, 2, 0, 0, 1, 0.424666666666667, 1
4, 8080, 2, 0, 0, 1, 0.511466666666667, 1
4, 8081, 2, 0, 0, 1, 0.3704, 1
4, 8082, 2, 0, 0, 1, 0.4128, 1
4, 8083, 2, 0, 0, 1, 0.708933333333333, 1
4, 8084, 2, 0, 0, 1, 0.4544, 1
4, 8085, 2, 0, 0, 1, 0.246666666666667, 1
4, 8086, 2, 0, 1, 0, 0.0024, 1
4, 8087, 2, 0, 0, 1, 0.175466666666667, 1
4, 8088, 2, 0, 0, 1, 0.538266666666667, 1
4, 8089, 2, 0, 0, 1, 0.225866666666667, 1
4, 8090, 2, 1, 0, 0, 0.995466666666667, 1
4, 8091, 2, 0, 0, 1, 0.5264, 1
4, 8092, 2, 0, 0, 1, 0.7652, 1
4, 8093, 2, 1, 0, 0, 0.977333333333333, 1
4, 8094, 2, 0, 0, 1, 0.1784, 1
4, 8095, 2, 0, 0, 1, 0.1156, 1
4, 8096, 2, 0, 1, 0, 0.0157333333333333, 1
4, 8097, 2, 0, 0, 1, 0.6492, 1
4, 8098, 2, 0, 0, 1, 0.0825333333333333, 1
4, 8099, 2, 0, 0, 1, 0.531733333333333, 1
4, 8100, 2, 0, 0, 1, 0.0710666666666667, 1
4, 8101, 2, 0, 0, 1, 0.7088, 1
4, 8102, 2, 0, 0, 1, 0.3568, 1
4, 8103, 2, 0, 0, 1, 0.124, 1
4, 8104, 2, 0, 0, 1, 0.0828, 1
4, 8105, 2, 0, 0, 1, 0.7068, 1
4, 8106, 2, 0, 0, 1, 0.862666666666667, 1
4, 8107, 2, 0, 1, 0, 0.0218666666666667, 1
4, 8108, 2, 0, 0, 1, 0.0969333333333333, 1
4, 8109, 2, 0, 0, 1, 0.474933333333333, 1
4, 8110, 2, 0, 0, 1, 0.143733333333333, 1
4, 8111, 2, 0, 0, 1, 0.224933333333333, 1
4, 8112, 2, 0, 0, 1, 0.409066666666667, 1
4, 8113, 2, 0, 0, 1, 0.714, 1
4, 8114, 2, 0, 0, 1, 0.315866666666667, 1
4, 8115, 2, 0, 0, 1, 0.421733333333333, 1
4, 8116, 2, 0, 0, 1, 0.622533333333333, 1
4, 8117, 2, 0, 0, 1, 0.298133333333333, 1
4, 8118, 2, 1, 0, 0, 0.994133333333333, 1
4, 8119, 2, 0, 0, 1, 0.7824, 1
4, 8120, 2, 0, 1, 0, 0.0165333333333333, 1
4, 8121, 2, 0, 0, 1, 0.150666666666667, 1
4, 8122, 2, 0, 0, 1, 0.226666666666667, 1
4, 8123, 2, 0, 0, 1, 0.2492, 1
4, 8124, 2, 0, 1, 0, 0.0376, 1
4, 8125, 2, 0, 0, 1, 0.709866666666667, 1
4, 8126, 2, 0, 0, 1, 0.608933333333333, 1
4, 8127, 2, 0, 0, 1, 0.310666666666667, 1
4, 8128, 2, 0, 0, 1, 0.817733333333333, 1
4, 8129, 2, 0, 1, 0, 0.0441333333333333, 1
4, 8130, 2, 0, 0, 1, 0.709333333333333, 1
4, 8131, 2, 0, 1, 0, 0.0373333333333333, 1
4, 8132, 2, 0, 0, 1, 0.558666666666667, 1
4, 8133, 2, 0, 0, 1, 0.2416, 1
4, 8134, 2, 0, 0, 1, 0.415733333333333, 1
4, 8135, 2, 1, 0, 0, 0.995466666666667, 1
4, 8136, 2, 0, 0, 1, 0.598, 1
4, 8137, 2, 0, 0, 1, 0.953466666666667, 1
4, 8138, 2, 0, 0, 1, 0.275733333333333, 1
4, 8139, 2, 0, 0, 1, 0.463333333333333, 1
4, 8140, 2, 0, 0, 1, 0.576133333333333, 1
4, 8141, 2, 0, 0, 1, 0.310933333333333, 1
4, 8142, 2, 0, 0, 1, 0.1992, 1
4, 8143, 2, 0, 0, 1, 0.512266666666667, 1
4, 8144, 2, 0, 0, 1, 0.249866666666667, 1
4, 8145, 2, 0, 0, 1, 0.0856, 1
4, 8146, 2, 0, 1, 0, 0.000533333333333333, 1
4, 8147, 2, 0, 0, 1, 0.7596, 1
4, 8148, 2, 0, 0, 1, 0.725733333333333, 1
4, 8149, 2, 0, 1, 0, 0.00946666666666667, 1
4, 8150, 2, 0, 0, 1, 0.285333333333333, 1
4, 8151, 2, 0, 0, 1, 0.705066666666667, 1
4, 8152, 2, 0, 0, 1, 0.844266666666667, 1
4, 8153, 2, 0, 0, 1, 0.406666666666667, 1
4, 8154, 2, 0, 0, 1, 0.367466666666667, 1
4, 8155, 2, 0, 0, 1, 0.4848, 1
4, 8156, 2, 0, 0, 1, 0.5104, 1
4, 8157, 2, 0, 0, 1, 0.695733333333333, 1
4, 8158, 2, 0, 0, 1, 0.236933333333333, 1
4, 8159, 2, 0, 0, 1, 0.565466666666667, 1
4, 8160, 2, 0, 0, 1, 0.9252, 1
4, 8161, 2, 0, 0, 1, 0.5, 1
4, 8162, 2, 0, 0, 1, 0.879333333333333, 1
4, 8163, 2, 0, 0, 1, 0.395733333333333, 1
4, 8164, 2, 0, 1, 0, 0.018, 1
4, 8165, 2, 0, 0, 1, 0.0550666666666667, 1
4, 8166, 2, 0, 0, 1, 0.796266666666667, 1
4, 8167, 2, 0, 0, 1, 0.136666666666667, 1
4, 8168, 2, 0, 0, 1, 0.677866666666667, 1
4, 8169, 2, 0, 0, 1, 0.321466666666667, 1
4, 8170, 2, 0, 0, 1, 0.507466666666667, 1
4, 8171, 2, 0, 0, 1, 0.863066666666667, 1
4, 8172, 2, 0, 0, 1, 0.7808, 1
4, 8173, 2, 0, 0, 1, 0.331866666666667, 1
4, 8174, 2, 0, 0, 1, 0.550666666666667, 1
4, 8175, 2, 0, 0, 1, 0.1268, 1
4, 8176, 2, 0, 0, 1, 0.656533333333333, 1
4, 8177, 2, 0, 0, 1, 0.268, 1
4, 8178, 2, 0, 0, 1, 0.323066666666667, 1
4, 8179, 2, 0, 0, 1, 0.3428, 1
4, 8180, 2, 0, 0, 1, 0.607066666666667, 1
4, 8181, 2, 0, 0, 1, 0.473466666666667, 1
4, 8182, 2, 0, 0, 1, 0.772666666666667, 1
4, 8183, 2, 0, 0, 1, 0.837333333333333, 1
4, 8184, 2, 0, 0, 1, 0.357333333333333, 1
4, 8185, 2, 0, 0, 1, 0.501866666666667, 1
4, 8186, 2, 0, 0, 1, 0.406666666666667, 1
4, 8187, 2, 0, 0, 1, 0.6016, 1
4, 8188, 2, 0, 0, 1, 0.603733333333333, 1
4, 8189, 2, 0, 0, 1, 0.790533333333333, 1
4, 8190, 2, 0, 0, 1, 0.8928, 1
4, 8191, 2, 0, 0, 1, 0.8208, 1
4, 8192, 2, 0, 0, 1, 0.822133333333333, 1
4, 8193, 2, 0, 0, 1, 0.141733333333333, 1
4, 8194, 2, 0, 0, 1, 0.878133333333333, 1
4, 8195, 2, 0, 0, 1, 0.507333333333333, 1
4, 8196, 2, 0, 0, 1, 0.131866666666667, 1
4, 8197, 2, 0, 0, 1, 0.134533333333333, 1
4, 8198, 2, 0, 0, 1, 0.725466666666667, 1
4, 8199, 2, 0, 0, 1, 0.0752, 1
4, 8200, 2, 0, 0, 1, 0.890133333333333, 1
4, 8201, 2, 0, 0, 1, 0.0801333333333333, 1
4, 8202, 2, 0, 0, 1, 0.7188, 1
4, 8203, 2, 0, 0, 1, 0.862666666666667, 1
4, 8204, 2, 0, 0, 1, 0.529333333333333, 1
4, 8205, 2, 0, 0, 1, 0.4408, 1
4, 8206, 2, 0, 0, 1, 0.5164, 1
4, 8207, 2, 0, 0, 1, 0.534533333333333, 1
4, 8208, 2, 0, 0, 1, 0.315866666666667, 1
4, 8209, 2, 0, 0, 1, 0.854533333333333, 1
4, 8210, 2, 0, 0, 1, 0.834266666666667, 1
4, 8211, 2, 0, 0, 1, 0.263866666666667, 1
4, 8212, 2, 0, 0, 1, 0.504, 1
4, 8213, 2, 0, 0, 1, 0.503333333333333, 1
4, 8214, 2, 0, 0, 1, 0.794666666666667, 1
4, 8215, 2, 0, 0, 1, 0.775866666666667, 1
4, 8216, 2, 0, 0, 1, 0.395066666666667, 1
4, 8217, 2, 0, 0, 1, 0.419466666666667, 1
4, 8218, 2, 0, 1, 0, 0.0262666666666667, 1
4, 8219, 2, 0, 1, 0, 0.0136, 1
4, 8220, 2, 0, 0, 1, 0.892533333333333, 1
4, 8221, 2, 0, 0, 1, 0.4272, 1
4, 8222, 2, 1, 0, 0, 0.992, 1
4, 8223, 2, 0, 0, 1, 0.968933333333333, 1
4, 8224, 2, 0, 0, 1, 0.146266666666667, 1
4, 8225, 2, 0, 0, 1, 0.85, 1
4, 8226, 2, 0, 0, 1, 0.7588, 1
4, 8227, 2, 0, 0, 1, 0.788133333333333, 1
4, 8228, 2, 0, 0, 1, 0.4104, 1
4, 8229, 2, 0, 0, 1, 0.675866666666667, 1
4, 8230, 2, 0, 0, 1, 0.0957333333333333, 1
4, 8231, 2, 0, 0, 1, 0.7424, 1
4, 8232, 2, 0, 0, 1, 0.196533333333333, 1
4, 8233, 2, 0, 0, 1, 0.702266666666667, 1
4, 8234, 2, 0, 0, 1, 0.950933333333333, 1
4, 8235, 2, 1, 0, 0, 0.9936, 1
4, 8236, 2, 0, 0, 1, 0.806933333333333, 1
4, 8237, 2, 0, 0, 1, 0.4636, 1
4, 8238, 2, 0, 0, 1, 0.4228, 1
4, 8239, 2, 0, 1, 0, 0.00693333333333333, 1
4, 8240, 2, 0, 0, 1, 0.110133333333333, 1
4, 8241, 2, 0, 0, 1, 0.147733333333333, 1
4, 8242, 2, 0, 0, 1, 0.890933333333333, 1
4, 8243, 2, 0, 0, 1, 0.971733333333333, 1
4, 8244, 2, 0, 0, 1, 0.1396, 1
4, 8245, 2, 0, 0, 1, 0.2388, 1
4, 8246, 2, 0, 0, 1, 0.6272, 1
4, 8247, 2, 0, 0, 1, 0.3148, 1
4, 8248, 2, 0, 0, 1, 0.772, 1
4, 8249, 2, 0, 0, 1, 0.4376, 1
4, 8250, 2, 0, 0, 1, 0.833866666666667, 1
4, 8251, 2, 0, 0, 1, 0.9652, 1
4, 8252, 2, 0, 0, 1, 0.782266666666667, 1
4, 8253, 2, 0, 0, 1, 0.292933333333333, 1
4, 8254, 2, 0, 0, 1, 0.6596, 1
4, 8255, 2, 0, 0, 1, 0.521466666666667, 1
4, 8256, 2, 0, 0, 1, 0.3892, 1
4, 8257, 2, 0, 0, 1, 0.505333333333333, 1
4, 8258, 2, 0, 0, 1, 0.417866666666667, 1
4, 8259, 2, 0, 1, 0, 0.0262666666666667, 1
4, 8260, 2, 0, 0, 1, 0.868533333333333, 1
4, 8261, 2, 0, 0, 1, 0.9712, 1
4, 8262, 2, 0, 1, 0, 0.00546666666666667, 1
4, 8263, 2, 0, 0, 1, 0.357866666666667, 1
4, 8264, 2, 0, 1, 0, 0.0044, 1
4, 8265, 2, 0, 0, 1, 0.3388, 1
4, 8266, 2, 0, 0, 1, 0.589866666666667, 1
4, 8267, 2, 0, 0, 1, 0.331466666666667, 1
4, 8268, 2, 0, 0, 1, 0.184, 1
4, 8269, 2, 0, 0, 1, 0.897866666666667, 1
4, 8270, 2, 0, 0, 1, 0.279466666666667, 1
4, 8271, 2, 0, 0, 1, 0.0964, 1
4, 8272, 2, 0, 0, 1, 0.145066666666667, 1
4, 8273, 2, 0, 0, 1, 0.7104, 1
4, 8274, 2, 0, 0, 1, 0.8928, 1
4, 8275, 2, 1, 0, 0, 0.983333333333333, 1
4, 8276, 2, 0, 1, 0, 0.0158666666666667, 1
4, 8277, 2, 0, 0, 1, 0.5936, 1
4, 8278, 2, 0, 0, 1, 0.335466666666667, 1
4, 8279, 2, 0, 0, 1, 0.776933333333333, 1
4, 8280, 2, 0, 0, 1, 0.202533333333333, 1
4, 8281, 2, 0, 0, 1, 0.8636, 1
4, 8282, 2, 1, 0, 0, 0.994933333333333, 1
4, 8283, 2, 0, 0, 1, 0.771733333333333, 1
4, 8284, 2, 0, 0, 1, 0.299733333333333, 1
4, 8285, 2, 0, 0, 1, 0.126133333333333, 1
4, 8286, 2, 0, 0, 1, 0.0546666666666667, 1
4, 8287, 2, 0, 0, 1, 0.793066666666667, 1
4, 8288, 2, 0, 0, 1, 0.219866666666667, 1
4, 8289, 2, 0, 0, 1, 0.0737333333333333, 1
4, 8290, 2, 0, 0, 1, 0.216, 1
4, 8291, 2, 0, 0, 1, 0.517066666666667, 1
4, 8292, 2, 0, 0, 1, 0.166533333333333, 1
4, 8293, 2, 0, 0, 1, 0.1924, 1
4, 8294, 2, 0, 0, 1, 0.5908, 1
4, 8295, 2, 0, 0, 1, 0.521866666666667, 1
4, 8296, 2, 0, 0, 1, 0.608533333333333, 1
4, 8297, 2, 0, 0, 1, 0.557466666666667, 1
4, 8298, 2, 0, 0, 1, 0.548266666666667, 1
4, 8299, 2, 0, 0, 1, 0.462266666666667, 1
4, 8300, 2, 1, 0, 0, 0.980933333333333, 1
4, 8301, 2, 0, 0, 1, 0.2512, 1
4, 8302, 2, 0, 0, 1, 0.148533333333333, 1
4, 8303, 2, 0, 0, 1, 0.821866666666667, 1
4, 8304, 2, 0, 0, 1, 0.589066666666667, 1
4, 8305, 2, 0, 0, 1, 0.622933333333333, 1
4, 8306, 2, 0, 0, 1, 0.8408, 1
4, 8307, 2, 0, 0, 1, 0.2068, 1
4, 8308, 2, 0, 0, 1, 0.508, 1
4, 8309, 2, 0, 0, 1, 0.659066666666667, 1
4, 8310, 2, 0, 0, 1, 0.253866666666667, 1
4, 8311, 2, 0, 0, 1, 0.818133333333333, 1
4, 8312, 2, 0, 0, 1, 0.563066666666667, 1
4, 8313, 2, 0, 0, 1, 0.371466666666667, 1
4, 8314, 2, 0, 0, 1, 0.538933333333333, 1
4, 8315, 2, 0, 0, 1, 0.735866666666667, 1
4, 8316, 2, 0, 1, 0, 0.00933333333333333, 1
4, 8317, 2, 0, 0, 1, 0.822133333333333, 1
4, 8318, 2, 0, 0, 1, 0.389466666666667, 1
4, 8319, 2, 0, 0, 1, 0.8016, 1
4, 8320, 2, 0, 0, 1, 0.474266666666667, 1
4, 8321, 2, 0, 0, 1, 0.282266666666667, 1
4, 8322, 2, 0, 0, 1, 0.407333333333333, 1
4, 8323, 2, 0, 0, 1, 0.510666666666667, 1
4, 8324, 2, 0, 0, 1, 0.308266666666667, 1
4, 8325, 2, 0, 0, 1, 0.925866666666667, 1
4, 8326, 2, 0, 0, 1, 0.916266666666667, 1
4, 8327, 2, 0, 0, 1, 0.830933333333333, 1
4, 8328, 2, 0, 0, 1, 0.249066666666667, 1
4, 8329, 2, 0, 0, 1, 0.597333333333333, 1
4, 8330, 2, 0, 0, 1, 0.634, 1
4, 8331, 2, 0, 0, 1, 0.274666666666667, 1
4, 8332, 2, 0, 0, 1, 0.483466666666667, 1
4, 8333, 2, 0, 1, 0, 0.0332, 1
4, 8334, 2, 0, 0, 1, 0.200533333333333, 1
4, 8335, 2, 0, 0, 1, 0.759733333333333, 1
4, 8336, 2, 0, 0, 1, 0.3272, 1
4, 8337, 2, 0, 1, 0, 0.0358666666666667, 1
4, 8338, 2, 0, 0, 1, 0.522666666666667, 1
4, 8339, 2, 0, 0, 1, 0.3008, 1
4, 8340, 2, 0, 0, 1, 0.9512, 1
4, 8341, 2, 0, 0, 1, 0.0537333333333333, 1
4, 8342, 2, 0, 0, 1, 0.391333333333333, 1
4, 8343, 2, 0, 0, 1, 0.564933333333333, 1
4, 8344, 2, 0, 1, 0, 0.0368, 1
4, 8345, 2, 0, 0, 1, 0.494933333333333, 1
4, 8346, 2, 0, 0, 1, 0.607466666666667, 1
4, 8347, 2, 0, 0, 1, 0.141466666666667, 1
4, 8348, 2, 0, 0, 1, 0.371733333333333, 1
4, 8349, 2, 0, 0, 1, 0.208133333333333, 1
4, 8350, 2, 0, 0, 1, 0.397066666666667, 1
4, 8351, 2, 0, 0, 1, 0.135733333333333, 1
4, 8352, 2, 0, 0, 1, 0.854133333333333, 1
4, 8353, 2, 0, 0, 1, 0.403066666666667, 1
4, 8354, 2, 0, 0, 1, 0.6504, 1
4, 8355, 2, 0, 0, 1, 0.8972, 1
4, 8356, 2, 0, 0, 1, 0.917066666666667, 1
4, 8357, 2, 0, 0, 1, 0.559333333333333, 1
4, 8358, 2, 0, 0, 1, 0.300666666666667, 1
4, 8359, 2, 1, 0, 0, 0.9952, 1
4, 8360, 2, 0, 0, 1, 0.394533333333333, 1
4, 8361, 2, 0, 1, 0, 0.0088, 1
4, 8362, 2, 1, 0, 0, 0.984666666666667, 1
4, 8363, 2, 0, 0, 1, 0.286133333333333, 1
4, 8364, 2, 0, 0, 1, 0.114933333333333, 1
4, 8365, 2, 0, 0, 1, 0.7844, 1
4, 8366, 2, 0, 1, 0, 0.0297333333333333, 1
4, 8367, 2, 0, 0, 1, 0.259733333333333, 1
4, 8368, 2, 0, 0, 1, 0.164266666666667, 1
4, 8369, 2, 0, 0, 1, 0.350533333333333, 1
4, 8370, 2, 1, 0, 0, 0.992133333333333, 1
4, 8371, 2, 0, 0, 1, 0.837066666666667, 1
4, 8372, 2, 0, 0, 1, 0.600266666666667, 1
4, 8373, 2, 0, 0, 1, 0.542133333333333, 1
4, 8374, 2, 0, 0, 1, 0.507333333333333, 1
4, 8375, 2, 0, 0, 1, 0.6152, 1
4, 8376, 2, 0, 0, 1, 0.666266666666667, 1
4, 8377, 2, 0, 0, 1, 0.159866666666667, 1
4, 8378, 2, 0, 0, 1, 0.249066666666667, 1
4, 8379, 2, 0, 0, 1, 0.723066666666667, 1
4, 8380, 2, 0, 1, 0, 0.0190666666666667, 1
4, 8381, 2, 0, 0, 1, 0.198133333333333, 1
4, 8382, 2, 0, 1, 0, 0.00386666666666667, 1
4, 8383, 2, 1, 0, 0, 0.982933333333333, 1
4, 8384, 2, 0, 0, 1, 0.497466666666667, 1
4, 8385, 2, 0, 0, 1, 0.758533333333333, 1
4, 8386, 2, 0, 0, 1, 0.354266666666667, 1
4, 8387, 2, 0, 0, 1, 0.528, 1
4, 8388, 2, 0, 0, 1, 0.316933333333333, 1
4, 8389, 2, 0, 0, 1, 0.9032, 1
4, 8390, 2, 0, 0, 1, 0.185333333333333, 1
4, 8391, 2, 0, 0, 1, 0.53, 1
4, 8392, 2, 0, 0, 1, 0.582133333333333, 1
4, 8393, 2, 0, 0, 1, 0.858933333333333, 1
4, 8394, 2, 0, 0, 1, 0.396133333333333, 1
4, 8395, 2, 0, 0, 1, 0.826533333333333, 1
4, 8396, 2, 0, 0, 1, 0.709333333333333, 1
4, 8397, 2, 0, 1, 0, 0.0378666666666667, 1
4, 8398, 2, 0, 0, 1, 0.915066666666667, 1
4, 8399, 2, 0, 0, 1, 0.636933333333333, 1
4, 8400, 2, 0, 0, 1, 0.872133333333333, 1
4, 8401, 2, 0, 0, 1, 0.735733333333333, 1
4, 8402, 2, 0, 0, 1, 0.31, 1
4, 8403, 2, 0, 0, 1, 0.554, 1
4, 8404, 2, 0, 1, 0, 0.0198666666666667, 1
4, 8405, 2, 0, 0, 1, 0.83, 1
4, 8406, 2, 0, 0, 1, 0.364133333333333, 1
4, 8407, 2, 0, 0, 1, 0.504666666666667, 1
4, 8408, 2, 0, 0, 1, 0.220533333333333, 1
4, 8409, 2, 0, 0, 1, 0.0534666666666667, 1
4, 8410, 2, 0, 0, 1, 0.433733333333333, 1
4, 8411, 2, 0, 1, 0, 0.00733333333333333, 1
4, 8412, 2, 0, 0, 1, 0.233866666666667, 1
4, 8413, 2, 0, 1, 0, 0.0369333333333333, 1
4, 8414, 2, 0, 1, 0, 0.044, 1
4, 8415, 2, 0, 0, 1, 0.4996, 1
4, 8416, 2, 0, 0, 1, 0.204933333333333, 1
4, 8417, 2, 0, 0, 1, 0.621466666666667, 1
4, 8418, 2, 0, 0, 1, 0.0693333333333333, 1
4, 8419, 2, 0, 0, 1, 0.885066666666667, 1
4, 8420, 2, 0, 0, 1, 0.4876, 1
4, 8421, 2, 1, 0, 0, 0.992533333333333, 1
4, 8422, 2, 0, 0, 1, 0.3284, 1
4, 8423, 2, 0, 0, 1, 0.0509333333333333, 1
4, 8424, 2, 0, 0, 1, 0.309066666666667, 1
4, 8425, 2, 0, 0, 1, 0.502, 1
4, 8426, 2, 0, 0, 1, 0.667066666666667, 1
4, 8427, 2, 0, 0, 1, 0.246533333333333, 1
4, 8428, 2, 0, 0, 1, 0.902, 1
4, 8429, 2, 0, 0, 1, 0.0664, 1
4, 8430, 2, 0, 0, 1, 0.646933333333333, 1
4, 8431, 2, 0, 0, 1, 0.378, 1
4, 8432, 2, 0, 0, 1, 0.478, 1
4, 8433, 2, 0, 1, 0, 0.0096, 1
4, 8434, 2, 0, 0, 1, 0.198, 1
4, 8435, 2, 0, 0, 1, 0.240933333333333, 1
4, 8436, 2, 0, 0, 1, 0.404666666666667, 1
4, 8437, 2, 0, 0, 1, 0.630533333333333, 1
4, 8438, 2, 0, 0, 1, 0.379733333333333, 1
4, 8439, 2, 0, 0, 1, 0.608933333333333, 1
4, 8440, 2, 0, 0, 1, 0.7056, 1
4, 8441, 2, 0, 0, 1, 0.5528, 1
4, 8442, 2, 0, 0, 1, 0.0937333333333333, 1
4, 8443, 2, 0, 0, 1, 0.796266666666667, 1
4, 8444, 2, 0, 0, 1, 0.37, 1
4, 8445, 2, 0, 0, 1, 0.123733333333333, 1
4, 8446, 2, 0, 0, 1, 0.804933333333333, 1
4, 8447, 2, 0, 0, 1, 0.651733333333333, 1
4, 8448, 2, 0, 0, 1, 0.641333333333333, 1
4, 8449, 2, 0, 0, 1, 0.900533333333333, 1
4, 8450, 2, 0, 0, 1, 0.3504, 1
4, 8451, 2, 0, 0, 1, 0.0561333333333333, 1
4, 8452, 2, 0, 0, 1, 0.795333333333333, 1
4, 8453, 2, 0, 0, 1, 0.438, 1
4, 8454, 2, 0, 0, 1, 0.682533333333333, 1
4, 8455, 2, 0, 0, 1, 0.143733333333333, 1
4, 8456, 2, 0, 0, 1, 0.78, 1
4, 8457, 2, 0, 0, 1, 0.862133333333333, 1
4, 8458, 2, 0, 0, 1, 0.4388, 1
4, 8459, 2, 0, 0, 1, 0.327733333333333, 1
4, 8460, 2, 0, 0, 1, 0.427333333333333, 1
4, 8461, 2, 0, 0, 1, 0.801333333333333, 1
4, 8462, 2, 0, 1, 0, 0.0468, 1
4, 8463, 2, 0, 0, 1, 0.283866666666667, 1
4, 8464, 2, 0, 0, 1, 0.881866666666667, 1
4, 8465, 2, 0, 0, 1, 0.608933333333333, 1
4, 8466, 2, 0, 0, 1, 0.3848, 1
4, 8467, 2, 0, 0, 1, 0.929333333333333, 1
4, 8468, 2, 0, 0, 1, 0.180933333333333, 1
4, 8469, 2, 0, 0, 1, 0.796133333333333, 1
4, 8470, 2, 0, 0, 1, 0.677333333333333, 1
4, 8471, 2, 0, 0, 1, 0.452933333333333, 1
4, 8472, 2, 1, 0, 0, 0.993066666666667, 1
4, 8473, 2, 0, 0, 1, 0.434, 1
4, 8474, 2, 0, 0, 1, 0.949066666666667, 1
4, 8475, 2, 0, 0, 1, 0.344933333333333, 1
4, 8476, 2, 0, 0, 1, 0.385333333333333, 1
4, 8477, 2, 0, 1, 0, 0.0138666666666667, 1
4, 8478, 2, 0, 0, 1, 0.322533333333333, 1
4, 8479, 2, 0, 0, 1, 0.0569333333333333, 1
4, 8480, 2, 0, 0, 1, 0.786266666666667, 1
4, 8481, 2, 0, 0, 1, 0.534266666666667, 1
4, 8482, 2, 0, 0, 1, 0.765866666666667, 1
4, 8483, 2, 0, 0, 1, 0.736666666666667, 1
4, 8484, 2, 0, 0, 1, 0.0574666666666667, 1
4, 8485, 2, 0, 1, 0, 0.0158666666666667, 1
4, 8486, 2, 0, 0, 1, 0.3988, 1
4, 8487, 2, 0, 1, 0, 0.00773333333333333, 1
4, 8488, 2, 0, 0, 1, 0.573733333333333, 1
4, 8489, 2, 0, 0, 1, 0.932666666666667, 1
4, 8490, 2, 0, 0, 1, 0.3596, 1
4, 8491, 2, 0, 0, 1, 0.523733333333333, 1
4, 8492, 2, 0, 0, 1, 0.445466666666667, 1
4, 8493, 2, 0, 0, 1, 0.612533333333333, 1
4, 8494, 2, 0, 0, 1, 0.511333333333333, 1
4, 8495, 2, 1, 0, 0, 0.991333333333333, 1
4, 8496, 2, 0, 0, 1, 0.411866666666667, 1
4, 8497, 2, 0, 0, 1, 0.720933333333333, 1
4, 8498, 2, 0, 0, 1, 0.6, 1
4, 8499, 2, 0, 1, 0, 0.002, 1
4, 8500, 2, 0, 0, 1, 0.898933333333333, 1
4, 8501, 2, 1, 0, 0, 0.999866666666667, 1
4, 8502, 2, 1, 0, 0, 1, 1
4, 8503, 2, 1, 0, 0, 0.999466666666667, 1
4, 8504, 2, 1, 0, 0, 0.998, 1
4, 8505, 2, 1, 0, 0, 0.993066666666667, 1
4, 8506, 2, 1, 0, 0, 0.998933333333333, 1
4, 8507, 2, 1, 0, 0, 0.9904, 1
4, 8508, 2, 1, 0, 0, 1, 1
4, 8509, 2, 1, 0, 0, 1, 1
4, 8510, 2, 1, 0, 0, 0.999866666666667, 1
4, 8511, 2, 1, 0, 0, 0.9996, 1
4, 8512, 2, 1, 0, 0, 0.9996, 1
4, 8513, 2, 1, 0, 0, 0.994266666666667, 1
4, 8514, 2, 1, 0, 0, 0.999866666666667, 1
4, 8515, 2, 1, 0, 0, 1, 1
4, 8516, 2, 1, 0, 0, 0.992266666666667, 1
4, 8517, 2, 1, 0, 0, 0.999333333333333, 1
4, 8518, 2, 0, 0, 1, 0.854133333333333, 1
4, 8519, 2, 1, 0, 0, 0.995066666666667, 1
4, 8520, 2, 1, 0, 0, 0.9996, 1
4, 8521, 2, 1, 0, 0, 0.995466666666667, 1
4, 8522, 2, 1, 0, 0, 0.991866666666667, 1
4, 8523, 2, 1, 0, 0, 0.9992, 1
4, 8524, 2, 1, 0, 0, 0.993333333333333, 1
4, 8525, 2, 1, 0, 0, 0.9996, 1
4, 8526, 2, 1, 0, 0, 0.991733333333333, 1
4, 8527, 2, 1, 0, 0, 0.998, 1
4, 8528, 2, 0, 0, 1, 0.967466666666667, 1
4, 8529, 2, 1, 0, 0, 0.997866666666667, 1
4, 8530, 2, 1, 0, 0, 0.996266666666667, 1
4, 8531, 2, 1, 0, 0, 0.9804, 1
4, 8532, 2, 1, 0, 0, 0.998, 1
4, 8533, 2, 1, 0, 0, 0.9972, 1
4, 8534, 2, 1, 0, 0, 0.998133333333333, 1
4, 8535, 2, 1, 0, 0, 0.999733333333333, 1
4, 8536, 2, 1, 0, 0, 0.991066666666667, 1
4, 8537, 2, 1, 0, 0, 0.9888, 1
4, 8538, 2, 1, 0, 0, 0.999333333333333, 1
4, 8539, 2, 1, 0, 0, 0.998933333333333, 1
4, 8540, 2, 1, 0, 0, 0.998666666666667, 1
4, 8541, 2, 1, 0, 0, 1, 1
4, 8542, 2, 1, 0, 0, 1, 1
4, 8543, 2, 1, 0, 0, 0.978, 1
4, 8544, 2, 1, 0, 0, 0.9876, 1
4, 8545, 2, 1, 0, 0, 0.994133333333333, 1
4, 8546, 2, 1, 0, 0, 0.999866666666667, 1
4, 8547, 2, 1, 0, 0, 0.999466666666667, 1
4, 8548, 2, 1, 0, 0, 0.999733333333333, 1
4, 8549, 2, 0, 0, 1, 0.8788, 1
4, 8550, 2, 1, 0, 0, 1, 1
4, 8551, 2, 1, 0, 0, 1, 1
4, 8552, 2, 1, 0, 0, 0.999333333333333, 1
4, 8553, 2, 1, 0, 0, 1, 1
4, 8554, 2, 1, 0, 0, 0.9984, 1
4, 8555, 2, 1, 0, 0, 0.999733333333333, 1
4, 8556, 2, 0, 0, 1, 0.948, 1
4, 8557, 2, 1, 0, 0, 0.999866666666667, 1
4, 8558, 2, 1, 0, 0, 0.999866666666667, 1
4, 8559, 2, 1, 0, 0, 0.9972, 1
4, 8560, 2, 1, 0, 0, 0.9996, 1
4, 8561, 2, 1, 0, 0, 1, 1
4, 8562, 2, 1, 0, 0, 0.999466666666667, 1
4, 8563, 2, 1, 0, 0, 1, 1
4, 8564, 2, 1, 0, 0, 0.998933333333333, 1
4, 8565, 2, 1, 0, 0, 0.9956, 1
4, 8566, 2, 1, 0, 0, 0.993866666666667, 1
4, 8567, 2, 1, 0, 0, 0.9996, 1
4, 8568, 2, 1, 0, 0, 0.999333333333333, 1
4, 8569, 2, 1, 0, 0, 0.9996, 1
4, 8570, 2, 1, 0, 0, 0.9992, 1
4, 8571, 2, 1, 0, 0, 0.9996, 1
4, 8572, 2, 1, 0, 0, 1, 1
4, 8573, 2, 0, 0, 1, 0.926, 1
4, 8574, 2, 1, 0, 0, 0.9964, 1
4, 8575, 2, 1, 0, 0, 0.9976, 1
4, 8576, 2, 0, 0, 1, 0.973333333333333, 1
4, 8577, 2, 1, 0, 0, 0.999866666666667, 1
4, 8578, 2, 1, 0, 0, 0.997733333333333, 1
4, 8579, 2, 1, 0, 0, 0.9936, 1
4, 8580, 2, 1, 0, 0, 0.999866666666667, 1
4, 8581, 2, 1, 0, 0, 0.997333333333333, 1
4, 8582, 2, 1, 0, 0, 0.9924, 1
4, 8583, 2, 1, 0, 0, 1, 1
4, 8584, 2, 1, 0, 0, 0.995466666666667, 1
4, 8585, 2, 1, 0, 0, 0.999866666666667, 1
4, 8586, 2, 0, 0, 1, 0.959333333333333, 1
4, 8587, 2, 1, 0, 0, 0.997066666666667, 1
4, 8588, 2, 1, 0, 0, 0.999866666666667, 1
4, 8589, 2, 1, 0, 0, 0.999466666666667, 1
4, 8590, 2, 1, 0, 0, 0.9996, 1
4, 8591, 2, 1, 0, 0, 0.986666666666667, 1
4, 8592, 2, 1, 0, 0, 0.999866666666667, 1
4, 8593, 2, 1, 0, 0, 0.998933333333333, 1
4, 8594, 2, 1, 0, 0, 0.999866666666667, 1
4, 8595, 2, 1, 0, 0, 1, 1
4, 8596, 2, 1, 0, 0, 0.9996, 1
4, 8597, 2, 1, 0, 0, 0.999466666666667, 1
4, 8598, 2, 1, 0, 0, 0.993333333333333, 1
4, 8599, 2, 1, 0, 0, 0.999866666666667, 1
4, 8600, 2, 1, 0, 0, 0.999866666666667, 1
4, 8601, 2, 1, 0, 0, 1, 1
4, 8602, 2, 1, 0, 0, 0.994266666666667, 1
4, 8603, 2, 1, 0, 0, 0.9996, 1
4, 8604, 2, 1, 0, 0, 0.9984, 1
4, 8605, 2, 1, 0, 0, 1, 1
4, 8606, 2, 1, 0, 0, 0.9984, 1
4, 8607, 2, 1, 0, 0, 0.9796, 1
4, 8608, 2, 0, 0, 1, 0.948666666666667, 1
4, 8609, 2, 1, 0, 0, 0.9856, 1
4, 8610, 2, 1, 0, 0, 0.9992, 1
4, 8611, 2, 1, 0, 0, 0.9956, 1
4, 8612, 2, 1, 0, 0, 0.9948, 1
4, 8613, 2, 1, 0, 0, 0.999866666666667, 1
4, 8614, 2, 1, 0, 0, 0.999733333333333, 1
4, 8615, 2, 1, 0, 0, 0.994533333333333, 1
4, 8616, 2, 1, 0, 0, 1, 1
4, 8617, 2, 1, 0, 0, 1, 1
4, 8618, 2, 1, 0, 0, 0.9996, 1
4, 8619, 2, 1, 0, 0, 1, 1
4, 8620, 2, 1, 0, 0, 0.999866666666667, 1
4, 8621, 2, 0, 0, 1, 0.953866666666667, 1
4, 8622, 2, 1, 0, 0, 0.9976, 1
4, 8623, 2, 1, 0, 0, 0.9976, 1
4, 8624, 2, 1, 0, 0, 1, 1
4, 8625, 2, 1, 0, 0, 0.990133333333333, 1
4, 8626, 2, 1, 0, 0, 0.9996, 1
4, 8627, 2, 0, 0, 1, 0.8436, 1
4, 8628, 2, 1, 0, 0, 0.990533333333333, 1
4, 8629, 2, 1, 0, 0, 0.999866666666667, 1
4, 8630, 2, 1, 0, 0, 0.9988, 1
4, 8631, 2, 1, 0, 0, 0.999466666666667, 1
4, 8632, 2, 1, 0, 0, 0.994133333333333, 1
4, 8633, 2, 1, 0, 0, 1, 1
4, 8634, 2, 0, 0, 1, 0.97, 1
4, 8635, 2, 1, 0, 0, 0.989066666666667, 1
4, 8636, 2, 1, 0, 0, 0.997733333333333, 1
4, 8637, 2, 1, 0, 0, 0.997333333333333, 1
4, 8638, 2, 1, 0, 0, 0.9996, 1
4, 8639, 2, 1, 0, 0, 0.997733333333333, 1
4, 8640, 2, 1, 0, 0, 0.999466666666667, 1
4, 8641, 2, 1, 0, 0, 0.997466666666667, 1
4, 8642, 2, 1, 0, 0, 0.999333333333333, 1
4, 8643, 2, 1, 0, 0, 0.9876, 1
4, 8644, 2, 1, 0, 0, 0.999733333333333, 1
4, 8645, 2, 1, 0, 0, 0.9928, 1
4, 8646, 2, 1, 0, 0, 0.9956, 1
4, 8647, 2, 1, 0, 0, 0.999466666666667, 1
4, 8648, 2, 1, 0, 0, 0.998933333333333, 1
4, 8649, 2, 1, 0, 0, 0.997866666666667, 1
4, 8650, 2, 1, 0, 0, 0.9904, 1
4, 8651, 2, 1, 0, 0, 1, 1
4, 8652, 2, 1, 0, 0, 0.999066666666667, 1
4, 8653, 2, 1, 0, 0, 0.9968, 1
4, 8654, 2, 1, 0, 0, 0.997066666666667, 1
4, 8655, 2, 1, 0, 0, 0.990133333333333, 1
4, 8656, 2, 1, 0, 0, 0.999866666666667, 1
4, 8657, 2, 1, 0, 0, 1, 1
4, 8658, 2, 1, 0, 0, 0.999466666666667, 1
4, 8659, 2, 1, 0, 0, 0.9808, 1
4, 8660, 2, 1, 0, 0, 1, 1
4, 8661, 2, 1, 0, 0, 0.997066666666667, 1
4, 8662, 2, 1, 0, 0, 0.9996, 1
4, 8663, 2, 1, 0, 0, 0.9996, 1
4, 8664, 2, 1, 0, 0, 0.9944, 1
4, 8665, 2, 1, 0, 0, 0.9992, 1
4, 8666, 2, 1, 0, 0, 0.999466666666667, 1
4, 8667, 2, 1, 0, 0, 0.9992, 1
4, 8668, 2, 1, 0, 0, 1, 1
4, 8669, 2, 1, 0, 0, 1, 1
4, 8670, 2, 1, 0, 0, 0.9984, 1
4, 8671, 2, 0, 0, 1, 0.970533333333333, 1
4, 8672, 2, 1, 0, 0, 0.9996, 1
4, 8673, 2, 1, 0, 0, 0.9932, 1
4, 8674, 2, 1, 0, 0, 0.993333333333333, 1
4, 8675, 2, 1, 0, 0, 0.996266666666667, 1
4, 8676, 2, 1, 0, 0, 0.996533333333333, 1
4, 8677, 2, 1, 0, 0, 1, 1
4, 8678, 2, 1, 0, 0, 0.995333333333333, 1
4, 8679, 2, 1, 0, 0, 0.995466666666667, 1
4, 8680, 2, 0, 0, 1, 0.9012, 1
4, 8681, 2, 1, 0, 0, 1, 1
4, 8682, 2, 1, 0, 0, 0.998666666666667, 1
4, 8683, 2, 1, 0, 0, 0.997866666666667, 1
4, 8684, 2, 1, 0, 0, 0.999866666666667, 1
4, 8685, 2, 1, 0, 0, 0.995066666666667, 1
4, 8686, 2, 1, 0, 0, 0.9996, 1
4, 8687, 2, 1, 0, 0, 0.998266666666667, 1
4, 8688, 2, 1, 0, 0, 0.997866666666667, 1
4, 8689, 2, 1, 0, 0, 0.991333333333333, 1
4, 8690, 2, 1, 0, 0, 0.994133333333333, 1
4, 8691, 2, 1, 0, 0, 1, 1
4, 8692, 2, 1, 0, 0, 0.999866666666667, 1
4, 8693, 2, 1, 0, 0, 0.998533333333333, 1
4, 8694, 2, 1, 0, 0, 0.998266666666667, 1
4, 8695, 2, 1, 0, 0, 0.999733333333333, 1
4, 8696, 2, 1, 0, 0, 0.998666666666667, 1
4, 8697, 2, 1, 0, 0, 1, 1
4, 8698, 2, 1, 0, 0, 1, 1
4, 8699, 2, 1, 0, 0, 0.9992, 1
4, 8700, 2, 1, 0, 0, 0.995866666666667, 1
4, 8701, 2, 1, 0, 0, 0.992, 1
4, 8702, 2, 1, 0, 0, 0.9988, 1
4, 8703, 2, 1, 0, 0, 0.998533333333333, 1
4, 8704, 2, 1, 0, 0, 0.997066666666667, 1
4, 8705, 2, 1, 0, 0, 0.999066666666667, 1
4, 8706, 2, 1, 0, 0, 0.998933333333333, 1
4, 8707, 2, 1, 0, 0, 0.9892, 1
4, 8708, 2, 1, 0, 0, 0.9932, 1
4, 8709, 2, 1, 0, 0, 0.999333333333333, 1
4, 8710, 2, 1, 0, 0, 0.997466666666667, 1
4, 8711, 2, 1, 0, 0, 1, 1
4, 8712, 2, 1, 0, 0, 1, 1
4, 8713, 2, 1, 0, 0, 0.999866666666667, 1
4, 8714, 2, 1, 0, 0, 0.999333333333333, 1
4, 8715, 2, 1, 0, 0, 0.988, 1
4, 8716, 2, 1, 0, 0, 0.9992, 1
4, 8717, 2, 1, 0, 0, 0.997866666666667, 1
4, 8718, 2, 1, 0, 0, 1, 1
4, 8719, 2, 1, 0, 0, 0.999333333333333, 1
4, 8720, 2, 1, 0, 0, 1, 1
4, 8721, 2, 1, 0, 0, 0.995333333333333, 1
4, 8722, 2, 1, 0, 0, 0.9892, 1
4, 8723, 2, 1, 0, 0, 0.999866666666667, 1
4, 8724, 2, 1, 0, 0, 0.997466666666667, 1
4, 8725, 2, 1, 0, 0, 1, 1
4, 8726, 2, 1, 0, 0, 0.9952, 1
4, 8727, 2, 1, 0, 0, 0.999066666666667, 1
4, 8728, 2, 1, 0, 0, 0.999466666666667, 1
4, 8729, 2, 1, 0, 0, 0.997466666666667, 1
4, 8730, 2, 1, 0, 0, 0.999866666666667, 1
4, 8731, 2, 1, 0, 0, 0.994933333333333, 1
4, 8732, 2, 1, 0, 0, 0.994933333333333, 1
4, 8733, 2, 1, 0, 0, 0.9992, 1
4, 8734, 2, 1, 0, 0, 0.999866666666667, 1
4, 8735, 2, 1, 0, 0, 0.993333333333333, 1
4, 8736, 2, 1, 0, 0, 0.998533333333333, 1
4, 8737, 2, 1, 0, 0, 0.996533333333333, 1
4, 8738, 2, 1, 0, 0, 0.9996, 1
4, 8739, 2, 1, 0, 0, 0.997866666666667, 1
4, 8740, 2, 1, 0, 0, 0.999733333333333, 1
4, 8741, 2, 1, 0, 0, 0.999466666666667, 1
4, 8742, 2, 1, 0, 0, 0.9952, 1
4, 8743, 2, 1, 0, 0, 0.9996, 1
4, 8744, 2, 1, 0, 0, 0.992533333333333, 1
4, 8745, 2, 1, 0, 0, 0.999866666666667, 1
4, 8746, 2, 1, 0, 0, 0.995333333333333, 1
4, 8747, 2, 1, 0, 0, 0.997733333333333, 1
4, 8748, 2, 1, 0, 0, 0.998133333333333, 1
4, 8749, 2, 1, 0, 0, 1, 1
4, 8750, 2, 1, 0, 0, 0.993733333333333, 1
4, 8751, 2, 1, 0, 0, 0.994933333333333, 1
4, 8752, 2, 1, 0, 0, 0.999333333333333, 1
4, 8753, 2, 1, 0, 0, 0.9964, 1
4, 8754, 2, 0, 0, 1, 0.9692, 1
4, 8755, 2, 1, 0, 0, 0.9952, 1
4, 8756, 2, 1, 0, 0, 0.995466666666667, 1
4, 8757, 2, 1, 0, 0, 0.9964, 1
4, 8758, 2, 1, 0, 0, 0.999866666666667, 1
4, 8759, 2, 1, 0, 0, 0.998266666666667, 1
4, 8760, 2, 1, 0, 0, 0.9936, 1
4, 8761, 2, 1, 0, 0, 0.996533333333333, 1
4, 8762, 2, 0, 0, 1, 0.968533333333333, 1
4, 8763, 2, 1, 0, 0, 0.997066666666667, 1
4, 8764, 2, 1, 0, 0, 0.999866666666667, 1
4, 8765, 2, 1, 0, 0, 0.998133333333333, 1
4, 8766, 2, 1, 0, 0, 0.998133333333333, 1
4, 8767, 2, 1, 0, 0, 0.9992, 1
4, 8768, 2, 1, 0, 0, 0.9992, 1
4, 8769, 2, 1, 0, 0, 0.9992, 1
4, 8770, 2, 1, 0, 0, 0.997066666666667, 1
4, 8771, 2, 1, 0, 0, 0.999733333333333, 1
4, 8772, 2, 1, 0, 0, 0.999866666666667, 1
4, 8773, 2, 1, 0, 0, 0.994266666666667, 1
4, 8774, 2, 1, 0, 0, 0.998266666666667, 1
4, 8775, 2, 1, 0, 0, 0.995733333333333, 1
4, 8776, 2, 0, 0, 1, 0.972133333333333, 1
4, 8777, 2, 1, 0, 0, 0.999866666666667, 1
4, 8778, 2, 1, 0, 0, 0.999866666666667, 1
4, 8779, 2, 1, 0, 0, 0.9996, 1
4, 8780, 2, 1, 0, 0, 0.9816, 1
4, 8781, 2, 0, 0, 1, 0.965066666666667, 1
4, 8782, 2, 1, 0, 0, 0.997333333333333, 1
4, 8783, 2, 1, 0, 0, 0.999733333333333, 1
4, 8784, 2, 1, 0, 0, 0.998666666666667, 1
4, 8785, 2, 1, 0, 0, 0.999866666666667, 1
4, 8786, 2, 1, 0, 0, 0.9984, 1
4, 8787, 2, 1, 0, 0, 0.999866666666667, 1
4, 8788, 2, 1, 0, 0, 0.998666666666667, 1
4, 8789, 2, 1, 0, 0, 0.995333333333333, 1
4, 8790, 2, 1, 0, 0, 0.999333333333333, 1
4, 8791, 2, 1, 0, 0, 0.9992, 1
4, 8792, 2, 1, 0, 0, 1, 1
4, 8793, 2, 1, 0, 0, 1, 1
4, 8794, 2, 1, 0, 0, 0.9992, 1
4, 8795, 2, 1, 0, 0, 1, 1
4, 8796, 2, 1, 0, 0, 1, 1
4, 8797, 2, 1, 0, 0, 1, 1
4, 8798, 2, 1, 0, 0, 0.998, 1
4, 8799, 2, 1, 0, 0, 0.9964, 1
4, 8800, 2, 1, 0, 0, 0.999866666666667, 1
4, 8801, 2, 1, 0, 0, 0.995866666666667, 1
4, 8802, 2, 1, 0, 0, 0.999733333333333, 1
4, 8803, 2, 1, 0, 0, 0.999733333333333, 1
4, 8804, 2, 1, 0, 0, 0.9996, 1
4, 8805, 2, 1, 0, 0, 0.998, 1
4, 8806, 2, 1, 0, 0, 0.999866666666667, 1
4, 8807, 2, 1, 0, 0, 0.997866666666667, 1
4, 8808, 2, 1, 0, 0, 0.994933333333333, 1
4, 8809, 2, 1, 0, 0, 0.997333333333333, 1
4, 8810, 2, 1, 0, 0, 0.995466666666667, 1
4, 8811, 2, 1, 0, 0, 0.999733333333333, 1
4, 8812, 2, 1, 0, 0, 1, 1
4, 8813, 2, 1, 0, 0, 0.999733333333333, 1
4, 8814, 2, 1, 0, 0, 1, 1
4, 8815, 2, 1, 0, 0, 0.998933333333333, 1
4, 8816, 2, 1, 0, 0, 0.998933333333333, 1
4, 8817, 2, 1, 0, 0, 0.999066666666667, 1
4, 8818, 2, 1, 0, 0, 0.999866666666667, 1
4, 8819, 2, 1, 0, 0, 0.999733333333333, 1
4, 8820, 2, 1, 0, 0, 1, 1
4, 8821, 2, 1, 0, 0, 0.994, 1
4, 8822, 2, 1, 0, 0, 0.992533333333333, 1
4, 8823, 2, 1, 0, 0, 0.999733333333333, 1
4, 8824, 2, 1, 0, 0, 1, 1
4, 8825, 2, 1, 0, 0, 0.999733333333333, 1
4, 8826, 2, 1, 0, 0, 1, 1
4, 8827, 2, 1, 0, 0, 0.998933333333333, 1
4, 8828, 2, 1, 0, 0, 0.998533333333333, 1
4, 8829, 2, 1, 0, 0, 0.999066666666667, 1
4, 8830, 2, 1, 0, 0, 0.9852, 1
4, 8831, 2, 1, 0, 0, 0.999866666666667, 1
4, 8832, 2, 1, 0, 0, 0.982666666666667, 1
4, 8833, 2, 1, 0, 0, 0.9924, 1
4, 8834, 2, 1, 0, 0, 1, 1
4, 8835, 2, 1, 0, 0, 0.999466666666667, 1
4, 8836, 2, 1, 0, 0, 0.999866666666667, 1
4, 8837, 2, 1, 0, 0, 0.999866666666667, 1
4, 8838, 2, 1, 0, 0, 0.9908, 1
4, 8839, 2, 1, 0, 0, 0.9992, 1
4, 8840, 2, 1, 0, 0, 0.999466666666667, 1
4, 8841, 2, 1, 0, 0, 0.998666666666667, 1
4, 8842, 2, 1, 0, 0, 0.9824, 1
4, 8843, 2, 1, 0, 0, 0.995333333333333, 1
4, 8844, 2, 1, 0, 0, 0.9944, 1
4, 8845, 2, 1, 0, 0, 0.999866666666667, 1
4, 8846, 2, 1, 0, 0, 0.977866666666667, 1
4, 8847, 2, 1, 0, 0, 1, 1
4, 8848, 2, 1, 0, 0, 1, 1
4, 8849, 2, 1, 0, 0, 0.9816, 1
4, 8850, 2, 1, 0, 0, 0.992933333333333, 1
4, 8851, 2, 1, 0, 0, 0.9976, 1
4, 8852, 2, 1, 0, 0, 0.979866666666667, 1
4, 8853, 2, 1, 0, 0, 0.998933333333333, 1
4, 8854, 2, 1, 0, 0, 0.999733333333333, 1
4, 8855, 2, 1, 0, 0, 1, 1
4, 8856, 2, 1, 0, 0, 0.999066666666667, 1
4, 8857, 2, 1, 0, 0, 0.997733333333333, 1
4, 8858, 2, 1, 0, 0, 1, 1
4, 8859, 2, 1, 0, 0, 0.9992, 1
4, 8860, 2, 1, 0, 0, 0.992, 1
4, 8861, 2, 1, 0, 0, 0.9988, 1
4, 8862, 2, 0, 0, 1, 0.8924, 1
4, 8863, 2, 1, 0, 0, 0.9964, 1
4, 8864, 2, 1, 0, 0, 1, 1
4, 8865, 2, 1, 0, 0, 0.997066666666667, 1
4, 8866, 2, 1, 0, 0, 1, 1
4, 8867, 2, 1, 0, 0, 0.9996, 1
4, 8868, 2, 1, 0, 0, 0.999866666666667, 1
4, 8869, 2, 1, 0, 0, 1, 1
4, 8870, 2, 1, 0, 0, 0.9996, 1
4, 8871, 2, 1, 0, 0, 0.9996, 1
4, 8872, 2, 1, 0, 0, 0.9948, 1
4, 8873, 2, 1, 0, 0, 0.999333333333333, 1
4, 8874, 2, 1, 0, 0, 0.997866666666667, 1
4, 8875, 2, 1, 0, 0, 0.995733333333333, 1
4, 8876, 2, 1, 0, 0, 0.9852, 1
4, 8877, 2, 0, 0, 1, 0.9712, 1
4, 8878, 2, 1, 0, 0, 0.999866666666667, 1
4, 8879, 2, 1, 0, 0, 0.9996, 1
4, 8880, 2, 1, 0, 0, 0.996666666666667, 1
4, 8881, 2, 1, 0, 0, 0.992533333333333, 1
4, 8882, 2, 1, 0, 0, 0.990933333333333, 1
4, 8883, 2, 1, 0, 0, 1, 1
4, 8884, 2, 1, 0, 0, 0.999733333333333, 1
4, 8885, 2, 1, 0, 0, 0.9964, 1
4, 8886, 2, 1, 0, 0, 0.999333333333333, 1
4, 8887, 2, 1, 0, 0, 0.994933333333333, 1
4, 8888, 2, 1, 0, 0, 0.998533333333333, 1
4, 8889, 2, 1, 0, 0, 0.999733333333333, 1
4, 8890, 2, 1, 0, 0, 0.985466666666667, 1
4, 8891, 2, 1, 0, 0, 1, 1
4, 8892, 2, 1, 0, 0, 0.999866666666667, 1
4, 8893, 2, 1, 0, 0, 0.996, 1
4, 8894, 2, 1, 0, 0, 0.999733333333333, 1
4, 8895, 2, 1, 0, 0, 0.99, 1
4, 8896, 2, 1, 0, 0, 0.999066666666667, 1
4, 8897, 2, 1, 0, 0, 0.990133333333333, 1
4, 8898, 2, 1, 0, 0, 0.9996, 1
4, 8899, 2, 1, 0, 0, 0.9944, 1
4, 8900, 2, 1, 0, 0, 0.9904, 1
4, 8901, 2, 1, 0, 0, 0.998266666666667, 1
4, 8902, 2, 1, 0, 0, 0.9992, 1
4, 8903, 2, 1, 0, 0, 1, 1
4, 8904, 2, 1, 0, 0, 0.9948, 1
4, 8905, 2, 1, 0, 0, 0.998533333333333, 1
4, 8906, 2, 1, 0, 0, 0.999066666666667, 1
4, 8907, 2, 1, 0, 0, 0.9992, 1
4, 8908, 2, 1, 0, 0, 0.998666666666667, 1
4, 8909, 2, 1, 0, 0, 0.998266666666667, 1
4, 8910, 2, 1, 0, 0, 0.998933333333333, 1
4, 8911, 2, 1, 0, 0, 0.9992, 1
4, 8912, 2, 1, 0, 0, 0.997466666666667, 1
4, 8913, 2, 1, 0, 0, 0.998666666666667, 1
4, 8914, 2, 1, 0, 0, 0.9996, 1
4, 8915, 2, 1, 0, 0, 0.9872, 1
4, 8916, 2, 1, 0, 0, 0.997866666666667, 1
4, 8917, 2, 1, 0, 0, 0.980666666666667, 1
4, 8918, 2, 1, 0, 0, 1, 1
4, 8919, 2, 1, 0, 0, 0.9988, 1
4, 8920, 2, 1, 0, 0, 0.991866666666667, 1
4, 8921, 2, 1, 0, 0, 0.9972, 1
4, 8922, 2, 1, 0, 0, 0.998533333333333, 1
4, 8923, 2, 1, 0, 0, 0.998, 1
4, 8924, 2, 1, 0, 0, 1, 1
4, 8925, 2, 1, 0, 0, 0.999733333333333, 1
4, 8926, 2, 1, 0, 0, 1, 1
4, 8927, 2, 1, 0, 0, 0.999866666666667, 1
4, 8928, 2, 1, 0, 0, 0.999733333333333, 1
4, 8929, 2, 1, 0, 0, 0.994666666666667, 1
4, 8930, 2, 1, 0, 0, 0.999866666666667, 1
4, 8931, 2, 1, 0, 0, 0.999866666666667, 1
4, 8932, 2, 1, 0, 0, 1, 1
4, 8933, 2, 1, 0, 0, 0.998533333333333, 1
4, 8934, 2, 1, 0, 0, 0.997466666666667, 1
4, 8935, 2, 1, 0, 0, 1, 1
4, 8936, 2, 1, 0, 0, 0.998933333333333, 1
4, 8937, 2, 1, 0, 0, 0.999866666666667, 1
4, 8938, 2, 1, 0, 0, 0.997733333333333, 1
4, 8939, 2, 1, 0, 0, 0.995733333333333, 1
4, 8940, 2, 1, 0, 0, 1, 1
4, 8941, 2, 1, 0, 0, 0.999333333333333, 1
4, 8942, 2, 1, 0, 0, 0.9932, 1
4, 8943, 2, 1, 0, 0, 0.984933333333333, 1
4, 8944, 2, 1, 0, 0, 0.999866666666667, 1
4, 8945, 2, 1, 0, 0, 0.9972, 1
4, 8946, 2, 0, 0, 1, 0.938533333333333, 1
4, 8947, 2, 1, 0, 0, 0.996533333333333, 1
4, 8948, 2, 1, 0, 0, 0.998533333333333, 1
4, 8949, 2, 1, 0, 0, 0.999733333333333, 1
4, 8950, 2, 1, 0, 0, 0.996133333333333, 1
4, 8951, 2, 1, 0, 0, 0.999866666666667, 1
4, 8952, 2, 1, 0, 0, 0.994133333333333, 1
4, 8953, 2, 1, 0, 0, 0.990933333333333, 1
4, 8954, 2, 1, 0, 0, 0.9988, 1
4, 8955, 2, 1, 0, 0, 0.991866666666667, 1
4, 8956, 2, 1, 0, 0, 0.998533333333333, 1
4, 8957, 2, 1, 0, 0, 0.9996, 1
4, 8958, 2, 1, 0, 0, 0.996533333333333, 1
4, 8959, 2, 1, 0, 0, 0.999333333333333, 1
4, 8960, 2, 1, 0, 0, 0.9984, 1
4, 8961, 2, 1, 0, 0, 1, 1
4, 8962, 2, 1, 0, 0, 0.993866666666667, 1
4, 8963, 2, 1, 0, 0, 1, 1
4, 8964, 2, 1, 0, 0, 0.999333333333333, 1
4, 8965, 2, 1, 0, 0, 0.977866666666667, 1
4, 8966, 2, 1, 0, 0, 0.999866666666667, 1
4, 8967, 2, 1, 0, 0, 0.997466666666667, 1
4, 8968, 2, 1, 0, 0, 0.998533333333333, 1
4, 8969, 2, 1, 0, 0, 0.999733333333333, 1
4, 8970, 2, 1, 0, 0, 0.999866666666667, 1
4, 8971, 2, 1, 0, 0, 0.995333333333333, 1
4, 8972, 2, 1, 0, 0, 0.9976, 1
4, 8973, 2, 1, 0, 0, 0.998666666666667, 1
4, 8974, 2, 1, 0, 0, 0.998533333333333, 1
4, 8975, 2, 1, 0, 0, 0.993466666666667, 1
4, 8976, 2, 1, 0, 0, 0.999866666666667, 1
4, 8977, 2, 1, 0, 0, 0.998266666666667, 1
4, 8978, 2, 1, 0, 0, 0.998666666666667, 1
4, 8979, 2, 1, 0, 0, 0.998666666666667, 1
4, 8980, 2, 0, 0, 1, 0.921466666666667, 1
4, 8981, 2, 1, 0, 0, 0.9952, 1
4, 8982, 2, 1, 0, 0, 0.9996, 1
4, 8983, 2, 1, 0, 0, 0.975866666666667, 1
4, 8984, 2, 0, 0, 1, 0.9428, 1
4, 8985, 2, 1, 0, 0, 0.999866666666667, 1
4, 8986, 2, 1, 0, 0, 0.988933333333333, 1
4, 8987, 2, 1, 0, 0, 0.999866666666667, 1
4, 8988, 2, 1, 0, 0, 0.999733333333333, 1
4, 8989, 2, 1, 0, 0, 1, 1
4, 8990, 2, 1, 0, 0, 0.994133333333333, 1
4, 8991, 2, 1, 0, 0, 0.998666666666667, 1
4, 8992, 2, 1, 0, 0, 0.998133333333333, 1
4, 8993, 2, 1, 0, 0, 1, 1
4, 8994, 2, 1, 0, 0, 1, 1
4, 8995, 2, 1, 0, 0, 0.9956, 1
4, 8996, 2, 1, 0, 0, 0.999066666666667, 1
4, 8997, 2, 1, 0, 0, 0.999466666666667, 1
4, 8998, 2, 1, 0, 0, 0.9996, 1
4, 8999, 2, 1, 0, 0, 0.9996, 1
4, 9000, 2, 1, 0, 0, 0.994533333333333, 1
4, 9001, 2, 0, 0, 1, 0.9016, 1
4, 9002, 2, 0, 0, 1, 0.7324, 1
4, 9003, 2, 0, 0, 1, 0.206266666666667, 1
4, 9004, 2, 0, 0, 1, 0.2664, 1
4, 9005, 2, 0, 0, 1, 0.62, 1
4, 9006, 2, 0, 0, 1, 0.3956, 1
4, 9007, 2, 0, 0, 1, 0.852933333333333, 1
4, 9008, 2, 0, 0, 1, 0.607066666666667, 1
4, 9009, 2, 0, 0, 1, 0.130933333333333, 1
4, 9010, 2, 0, 0, 1, 0.845333333333333, 1
4, 9011, 2, 0, 0, 1, 0.689466666666667, 1
4, 9012, 2, 0, 0, 1, 0.549866666666667, 1
4, 9013, 2, 0, 0, 1, 0.131466666666667, 1
4, 9014, 2, 0, 0, 1, 0.898933333333333, 1
4, 9015, 2, 0, 0, 1, 0.2364, 1
4, 9016, 2, 0, 0, 1, 0.549733333333333, 1
4, 9017, 2, 0, 0, 1, 0.499333333333333, 1
4, 9018, 2, 0, 0, 1, 0.426266666666667, 1
4, 9019, 2, 0, 0, 1, 0.711866666666667, 1
4, 9020, 2, 0, 0, 1, 0.909333333333333, 1
4, 9021, 2, 0, 1, 0, 0.0106666666666667, 1
4, 9022, 2, 0, 0, 1, 0.313866666666667, 1
4, 9023, 2, 1, 0, 0, 0.976533333333333, 1
4, 9024, 2, 0, 0, 1, 0.698266666666667, 1
4, 9025, 2, 0, 0, 1, 0.715466666666667, 1
4, 9026, 2, 0, 0, 1, 0.750666666666667, 1
4, 9027, 2, 0, 0, 1, 0.617333333333333, 1
4, 9028, 2, 0, 0, 1, 0.961066666666667, 1
4, 9029, 2, 0, 0, 1, 0.527733333333333, 1
4, 9030, 2, 0, 0, 1, 0.542266666666667, 1
4, 9031, 2, 0, 0, 1, 0.283733333333333, 1
4, 9032, 2, 0, 0, 1, 0.6968, 1
4, 9033, 2, 0, 0, 1, 0.109733333333333, 1
4, 9034, 2, 0, 0, 1, 0.1976, 1
4, 9035, 2, 0, 0, 1, 0.9328, 1
4, 9036, 2, 0, 0, 1, 0.423333333333333, 1
4, 9037, 2, 0, 0, 1, 0.6544, 1
4, 9038, 2, 0, 0, 1, 0.4712, 1
4, 9039, 2, 0, 0, 1, 0.938533333333333, 1
4, 9040, 2, 0, 0, 1, 0.253466666666667, 1
4, 9041, 2, 0, 0, 1, 0.729066666666667, 1
4, 9042, 2, 0, 0, 1, 0.51, 1
4, 9043, 2, 0, 0, 1, 0.4188, 1
4, 9044, 2, 0, 0, 1, 0.72, 1
4, 9045, 2, 0, 0, 1, 0.808666666666667, 1
4, 9046, 2, 0, 1, 0, 0.0328, 1
4, 9047, 2, 0, 0, 1, 0.319066666666667, 1
4, 9048, 2, 0, 0, 1, 0.5796, 1
4, 9049, 2, 0, 1, 0, 0.0056, 1
4, 9050, 2, 0, 0, 1, 0.202, 1
4, 9051, 2, 0, 0, 1, 0.9248, 1
4, 9052, 2, 0, 0, 1, 0.0868, 1
4, 9053, 2, 0, 1, 0, 0.0102666666666667, 1
4, 9054, 2, 0, 0, 1, 0.826, 1
4, 9055, 2, 1, 0, 0, 0.9952, 1
4, 9056, 2, 0, 0, 1, 0.475733333333333, 1
4, 9057, 2, 0, 0, 1, 0.7864, 1
4, 9058, 2, 0, 0, 1, 0.501866666666667, 1
4, 9059, 2, 0, 0, 1, 0.471733333333333, 1
4, 9060, 2, 0, 0, 1, 0.0593333333333333, 1
4, 9061, 2, 0, 0, 1, 0.3804, 1
4, 9062, 2, 0, 0, 1, 0.8288, 1
4, 9063, 2, 0, 0, 1, 0.7008, 1
4, 9064, 2, 0, 1, 0, 0.0084, 1
4, 9065, 2, 0, 0, 1, 0.923733333333333, 1
4, 9066, 2, 0, 0, 1, 0.920533333333333, 1
4, 9067, 2, 0, 0, 1, 0.576933333333333, 1
4, 9068, 2, 0, 0, 1, 0.718133333333333, 1
4, 9069, 2, 0, 0, 1, 0.908666666666667, 1
4, 9070, 2, 0, 0, 1, 0.0578666666666667, 1
4, 9071, 2, 0, 0, 1, 0.8028, 1
4, 9072, 2, 0, 0, 1, 0.240133333333333, 1
4, 9073, 2, 0, 0, 1, 0.321333333333333, 1
4, 9074, 2, 0, 0, 1, 0.767066666666667, 1
4, 9075, 2, 0, 0, 1, 0.796533333333333, 1
4, 9076, 2, 0, 0, 1, 0.627733333333333, 1
4, 9077, 2, 0, 0, 1, 0.882666666666667, 1
4, 9078, 2, 0, 0, 1, 0.79, 1
4, 9079, 2, 0, 0, 1, 0.306133333333333, 1
4, 9080, 2, 0, 0, 1, 0.523733333333333, 1
4, 9081, 2, 0, 0, 1, 0.9564, 1
4, 9082, 2, 0, 0, 1, 0.271333333333333, 1
4, 9083, 2, 0, 1, 0, 0.0496, 1
4, 9084, 2, 0, 0, 1, 0.623066666666667, 1
4, 9085, 2, 0, 0, 1, 0.384666666666667, 1
4, 9086, 2, 0, 0, 1, 0.9496, 1
4, 9087, 2, 0, 0, 1, 0.906933333333333, 1
4, 9088, 2, 0, 0, 1, 0.883466666666667, 1
4, 9089, 2, 0, 0, 1, 0.383333333333333, 1
4, 9090, 2, 0, 0, 1, 0.770133333333333, 1
4, 9091, 2, 0, 0, 1, 0.537866666666667, 1
4, 9092, 2, 0, 0, 1, 0.237333333333333, 1
4, 9093, 2, 0, 0, 1, 0.494933333333333, 1
4, 9094, 2, 1, 0, 0, 0.977733333333333, 1
4, 9095, 2, 0, 0, 1, 0.704, 1
4, 9096, 2, 0, 0, 1, 0.916133333333333, 1
4, 9097, 2, 0, 0, 1, 0.966133333333333, 1
4, 9098, 2, 0, 0, 1, 0.700133333333333, 1
4, 9099, 2, 0, 1, 0, 0.0166666666666667, 1
4, 9100, 2, 0, 0, 1, 0.518, 1
4, 9101, 2, 0, 0, 1, 0.647466666666667, 1
4, 9102, 2, 0, 0, 1, 0.0950666666666667, 1
4, 9103, 2, 0, 0, 1, 0.604666666666667, 1
4, 9104, 2, 0, 0, 1, 0.224133333333333, 1
4, 9105, 2, 0, 0, 1, 0.409333333333333, 1
4, 9106, 2, 0, 0, 1, 0.822933333333333, 1
4, 9107, 2, 0, 0, 1, 0.727733333333333, 1
4, 9108, 2, 0, 0, 1, 0.126933333333333, 1
4, 9109, 2, 0, 0, 1, 0.9532, 1
4, 9110, 2, 0, 0, 1, 0.910133333333333, 1
4, 9111, 2, 0, 0, 1, 0.0578666666666667, 1
4, 9112, 2, 0, 0, 1, 0.190666666666667, 1
4, 9113, 2, 0, 0, 1, 0.735066666666667, 1
4, 9114, 2, 0, 0, 1, 0.517733333333333, 1
4, 9115, 2, 0, 0, 1, 0.613333333333333, 1
4, 9116, 2, 0, 0, 1, 0.35, 1
4, 9117, 2, 0, 0, 1, 0.729066666666667, 1
4, 9118, 2, 0, 0, 1, 0.6768, 1
4, 9119, 2, 0, 0, 1, 0.598133333333333, 1
4, 9120, 2, 0, 0, 1, 0.2512, 1
4, 9121, 2, 0, 0, 1, 0.739866666666667, 1
4, 9122, 2, 0, 0, 1, 0.444933333333333, 1
4, 9123, 2, 0, 0, 1, 0.973066666666667, 1
4, 9124, 2, 0, 0, 1, 0.0818666666666667, 1
4, 9125, 2, 0, 0, 1, 0.2088, 1
4, 9126, 2, 0, 0, 1, 0.594133333333333, 1
4, 9127, 2, 0, 0, 1, 0.901066666666667, 1
4, 9128, 2, 0, 0, 1, 0.428133333333333, 1
4, 9129, 2, 0, 0, 1, 0.594133333333333, 1
4, 9130, 2, 1, 0, 0, 0.994666666666667, 1
4, 9131, 2, 0, 1, 0, 0.0153333333333333, 1
4, 9132, 2, 0, 0, 1, 0.836266666666667, 1
4, 9133, 2, 0, 0, 1, 0.387866666666667, 1
4, 9134, 2, 0, 0, 1, 0.255733333333333, 1
4, 9135, 2, 0, 0, 1, 0.242933333333333, 1
4, 9136, 2, 0, 0, 1, 0.966666666666667, 1
4, 9137, 2, 0, 0, 1, 0.0757333333333333, 1
4, 9138, 2, 0, 0, 1, 0.109066666666667, 1
4, 9139, 2, 0, 0, 1, 0.292266666666667, 1
4, 9140, 2, 0, 0, 1, 0.431333333333333, 1
4, 9141, 2, 0, 0, 1, 0.5152, 1
4, 9142, 2, 0, 0, 1, 0.860666666666667, 1
4, 9143, 2, 0, 0, 1, 0.401466666666667, 1
4, 9144, 2, 0, 0, 1, 0.581733333333333, 1
4, 9145, 2, 0, 0, 1, 0.478, 1
4, 9146, 2, 0, 0, 1, 0.7256, 1
4, 9147, 2, 0, 0, 1, 0.215733333333333, 1
4, 9148, 2, 0, 0, 1, 0.167466666666667, 1
4, 9149, 2, 0, 0, 1, 0.248, 1
4, 9150, 2, 1, 0, 0, 0.9912, 1
4, 9151, 2, 0, 0, 1, 0.1148, 1
4, 9152, 2, 0, 0, 1, 0.7128, 1
4, 9153, 2, 0, 0, 1, 0.953866666666667, 1
4, 9154, 2, 0, 0, 1, 0.232133333333333, 1
4, 9155, 2, 0, 0, 1, 0.472933333333333, 1
4, 9156, 2, 0, 0, 1, 0.572933333333333, 1
4, 9157, 2, 0, 0, 1, 0.416, 1
4, 9158, 2, 0, 0, 1, 0.258, 1
4, 9159, 2, 1, 0, 0, 0.998133333333333, 1
4, 9160, 2, 0, 0, 1, 0.9048, 1
4, 9161, 2, 0, 0, 1, 0.9652, 1
4, 9162, 2, 0, 0, 1, 0.289733333333333, 1
4, 9163, 2, 0, 0, 1, 0.742266666666667, 1
4, 9164, 2, 0, 0, 1, 0.424533333333333, 1
4, 9165, 2, 0, 0, 1, 0.501466666666667, 1
4, 9166, 2, 0, 0, 1, 0.3584, 1
4, 9167, 2, 0, 0, 1, 0.255733333333333, 1
4, 9168, 2, 0, 0, 1, 0.802666666666667, 1
4, 9169, 2, 0, 0, 1, 0.42, 1
4, 9170, 2, 0, 0, 1, 0.1132, 1
4, 9171, 2, 0, 0, 1, 0.1236, 1
4, 9172, 2, 0, 0, 1, 0.484933333333333, 1
4, 9173, 2, 0, 0, 1, 0.446666666666667, 1
4, 9174, 2, 0, 0, 1, 0.689733333333333, 1
4, 9175, 2, 0, 1, 0, 0.00586666666666667, 1
4, 9176, 2, 0, 0, 1, 0.821466666666667, 1
4, 9177, 2, 0, 0, 1, 0.914666666666667, 1
4, 9178, 2, 0, 0, 1, 0.954666666666667, 1
4, 9179, 2, 0, 1, 0, 0.00546666666666667, 1
4, 9180, 2, 0, 0, 1, 0.9208, 1
4, 9181, 2, 0, 0, 1, 0.893333333333333, 1
4, 9182, 2, 0, 0, 1, 0.496666666666667, 1
4, 9183, 2, 0, 0, 1, 0.833333333333333, 1
4, 9184, 2, 0, 0, 1, 0.600933333333333, 1
4, 9185, 2, 0, 0, 1, 0.5776, 1
4, 9186, 2, 0, 0, 1, 0.213466666666667, 1
4, 9187, 2, 0, 0, 1, 0.2956, 1
4, 9188, 2, 0, 0, 1, 0.326533333333333, 1
4, 9189, 2, 0, 0, 1, 0.6092, 1
4, 9190, 2, 0, 0, 1, 0.491333333333333, 1
4, 9191, 2, 0, 0, 1, 0.0702666666666667, 1
4, 9192, 2, 1, 0, 0, 0.999333333333333, 1
4, 9193, 2, 0, 1, 0, 0.0145333333333333, 1
4, 9194, 2, 0, 0, 1, 0.4948, 1
4, 9195, 2, 0, 0, 1, 0.7056, 1
4, 9196, 2, 0, 0, 1, 0.342266666666667, 1
4, 9197, 2, 0, 0, 1, 0.396, 1
4, 9198, 2, 0, 0, 1, 0.0744, 1
4, 9199, 2, 0, 0, 1, 0.210533333333333, 1
4, 9200, 2, 0, 0, 1, 0.613066666666667, 1
4, 9201, 2, 0, 0, 1, 0.895733333333333, 1
4, 9202, 2, 0, 0, 1, 0.313466666666667, 1
4, 9203, 2, 0, 0, 1, 0.394666666666667, 1
4, 9204, 2, 0, 0, 1, 0.118666666666667, 1
4, 9205, 2, 0, 0, 1, 0.3828, 1
4, 9206, 2, 0, 0, 1, 0.6916, 1
4, 9207, 2, 0, 0, 1, 0.931733333333333, 1
4, 9208, 2, 0, 0, 1, 0.6056, 1
4, 9209, 2, 0, 0, 1, 0.6156, 1
4, 9210, 2, 0, 0, 1, 0.171466666666667, 1
4, 9211, 2, 0, 1, 0, 0.0036, 1
4, 9212, 2, 0, 0, 1, 0.625466666666667, 1
4, 9213, 2, 0, 0, 1, 0.9004, 1
4, 9214, 2, 0, 0, 1, 0.0904, 1
4, 9215, 2, 0, 0, 1, 0.8876, 1
4, 9216, 2, 0, 0, 1, 0.81, 1
4, 9217, 2, 0, 0, 1, 0.51, 1
4, 9218, 2, 0, 0, 1, 0.357066666666667, 1
4, 9219, 2, 0, 0, 1, 0.809466666666667, 1
4, 9220, 2, 0, 0, 1, 0.2752, 1
4, 9221, 2, 0, 0, 1, 0.274266666666667, 1
4, 9222, 2, 0, 0, 1, 0.173066666666667, 1
4, 9223, 2, 0, 0, 1, 0.277466666666667, 1
4, 9224, 2, 0, 0, 1, 0.3188, 1
4, 9225, 2, 1, 0, 0, 0.997733333333333, 1
4, 9226, 2, 0, 0, 1, 0.750933333333333, 1
4, 9227, 2, 0, 0, 1, 0.0590666666666667, 1
4, 9228, 2, 0, 0, 1, 0.2012, 1
4, 9229, 2, 0, 0, 1, 0.6012, 1
4, 9230, 2, 0, 0, 1, 0.2856, 1
4, 9231, 2, 0, 0, 1, 0.563733333333333, 1
4, 9232, 2, 0, 0, 1, 0.736266666666667, 1
4, 9233, 2, 0, 0, 1, 0.547466666666667, 1
4, 9234, 2, 0, 0, 1, 0.3284, 1
4, 9235, 2, 0, 0, 1, 0.377466666666667, 1
4, 9236, 2, 0, 0, 1, 0.918533333333333, 1
4, 9237, 2, 0, 0, 1, 0.598933333333333, 1
4, 9238, 2, 0, 0, 1, 0.784933333333333, 1
4, 9239, 2, 0, 0, 1, 0.142, 1
4, 9240, 2, 0, 0, 1, 0.6404, 1
4, 9241, 2, 0, 0, 1, 0.274, 1
4, 9242, 2, 0, 0, 1, 0.245733333333333, 1
4, 9243, 2, 0, 0, 1, 0.4876, 1
4, 9244, 2, 0, 0, 1, 0.8844, 1
4, 9245, 2, 0, 0, 1, 0.240266666666667, 1
4, 9246, 2, 0, 0, 1, 0.66, 1
4, 9247, 2, 0, 0, 1, 0.07, 1
4, 9248, 2, 0, 0, 1, 0.113066666666667, 1
4, 9249, 2, 0, 0, 1, 0.914666666666667, 1
4, 9250, 2, 0, 0, 1, 0.3472, 1
4, 9251, 2, 0, 0, 1, 0.362933333333333, 1
4, 9252, 2, 0, 0, 1, 0.842666666666667, 1
4, 9253, 2, 0, 0, 1, 0.707733333333333, 1
4, 9254, 2, 0, 0, 1, 0.576533333333333, 1
4, 9255, 2, 0, 0, 1, 0.5828, 1
4, 9256, 2, 0, 0, 1, 0.7308, 1
4, 9257, 2, 0, 0, 1, 0.7324, 1
4, 9258, 2, 0, 0, 1, 0.787866666666667, 1
4, 9259, 2, 0, 0, 1, 0.2196, 1
4, 9260, 2, 0, 0, 1, 0.835866666666667, 1
4, 9261, 2, 0, 0, 1, 0.0624, 1
4, 9262, 2, 0, 1, 0, 0.048, 1
4, 9263, 2, 0, 0, 1, 0.43, 1
4, 9264, 2, 0, 0, 1, 0.903866666666667, 1
4, 9265, 2, 0, 1, 0, 0.00573333333333333, 1
4, 9266, 2, 0, 0, 1, 0.6828, 1
4, 9267, 2, 0, 0, 1, 0.688666666666667, 1
4, 9268, 2, 0, 0, 1, 0.6532, 1
4, 9269, 2, 0, 0, 1, 0.146533333333333, 1
4, 9270, 2, 0, 0, 1, 0.8944, 1
4, 9271, 2, 0, 1, 0, 0.0266666666666667, 1
4, 9272, 2, 0, 0, 1, 0.2164, 1
4, 9273, 2, 0, 0, 1, 0.4596, 1
4, 9274, 2, 0, 0, 1, 0.406, 1
4, 9275, 2, 0, 0, 1, 0.6784, 1
4, 9276, 2, 0, 0, 1, 0.547733333333333, 1
4, 9277, 2, 0, 0, 1, 0.3392, 1
4, 9278, 2, 0, 0, 1, 0.261333333333333, 1
4, 9279, 2, 0, 0, 1, 0.881466666666667, 1
4, 9280, 2, 0, 0, 1, 0.3184, 1
4, 9281, 2, 0, 0, 1, 0.475066666666667, 1
4, 9282, 2, 0, 1, 0, 0.0044, 1
4, 9283, 2, 0, 1, 0, 0.0330666666666667, 1
4, 9284, 2, 0, 0, 1, 0.703866666666667, 1
4, 9285, 2, 0, 0, 1, 0.607066666666667, 1
4, 9286, 2, 0, 0, 1, 0.304666666666667, 1
4, 9287, 2, 0, 0, 1, 0.463466666666667, 1
4, 9288, 2, 0, 0, 1, 0.4432, 1
4, 9289, 2, 0, 0, 1, 0.176933333333333, 1
4, 9290, 2, 0, 0, 1, 0.684, 1
4, 9291, 2, 0, 1, 0, 0.0424, 1
4, 9292, 2, 0, 1, 0, 0.00973333333333333, 1
4, 9293, 2, 0, 0, 1, 0.0944, 1
4, 9294, 2, 0, 0, 1, 0.729466666666667, 1
4, 9295, 2, 0, 0, 1, 0.844666666666667, 1
4, 9296, 2, 0, 0, 1, 0.5932, 1
4, 9297, 2, 0, 0, 1, 0.970666666666667, 1
4, 9298, 2, 0, 0, 1, 0.8044, 1
4, 9299, 2, 0, 0, 1, 0.416266666666667, 1
4, 9300, 2, 0, 0, 1, 0.380266666666667, 1
4, 9301, 2, 0, 0, 1, 0.158266666666667, 1
4, 9302, 2, 1, 0, 0, 0.9772, 1
4, 9303, 2, 0, 0, 1, 0.3052, 1
4, 9304, 2, 0, 0, 1, 0.204, 1
4, 9305, 2, 0, 0, 1, 0.155066666666667, 1
4, 9306, 2, 0, 1, 0, 0.0174666666666667, 1
4, 9307, 2, 0, 1, 0, 0.00493333333333333, 1
4, 9308, 2, 0, 0, 1, 0.676666666666667, 1
4, 9309, 2, 0, 1, 0, 0.0292, 1
4, 9310, 2, 0, 0, 1, 0.7572, 1
4, 9311, 2, 0, 0, 1, 0.938, 1
4, 9312, 2, 0, 0, 1, 0.918666666666667, 1
4, 9313, 2, 0, 1, 0, 0.0466666666666667, 1
4, 9314, 2, 0, 0, 1, 0.974266666666667, 1
4, 9315, 2, 0, 0, 1, 0.584, 1
4, 9316, 2, 0, 0, 1, 0.963333333333333, 1
4, 9317, 2, 0, 1, 0, 0.0261333333333333, 1
4, 9318, 2, 0, 0, 1, 0.472666666666667, 1
4, 9319, 2, 0, 0, 1, 0.503066666666667, 1
4, 9320, 2, 0, 0, 1, 0.343866666666667, 1
4, 9321, 2, 0, 0, 1, 0.966666666666667, 1
4, 9322, 2, 0, 0, 1, 0.512666666666667, 1
4, 9323, 2, 0, 0, 1, 0.126666666666667, 1
4, 9324, 2, 0, 0, 1, 0.2836, 1
4, 9325, 2, 0, 1, 0, 0.0388, 1
4, 9326, 2, 0, 0, 1, 0.242266666666667, 1
4, 9327, 2, 0, 0, 1, 0.72, 1
4, 9328, 2, 0, 0, 1, 0.230933333333333, 1
4, 9329, 2, 0, 0, 1, 0.271466666666667, 1
4, 9330, 2, 0, 0, 1, 0.664533333333333, 1
4, 9331, 2, 0, 0, 1, 0.0749333333333333, 1
4, 9332, 2, 0, 0, 1, 0.373866666666667, 1
4, 9333, 2, 0, 0, 1, 0.745333333333333, 1
4, 9334, 2, 0, 0, 1, 0.824266666666667, 1
4, 9335, 2, 0, 0, 1, 0.582666666666667, 1
4, 9336, 2, 0, 0, 1, 0.112133333333333, 1
4, 9337, 2, 0, 0, 1, 0.3972, 1
4, 9338, 2, 0, 0, 1, 0.691466666666667, 1
4, 9339, 2, 0, 0, 1, 0.3604, 1
4, 9340, 2, 0, 0, 1, 0.225866666666667, 1
4, 9341, 2, 0, 1, 0, 0.0234666666666667, 1
4, 9342, 2, 0, 0, 1, 0.907466666666667, 1
4, 9343, 2, 0, 0, 1, 0.2216, 1
4, 9344, 2, 0, 0, 1, 0.531066666666667, 1
4, 9345, 2, 0, 0, 1, 0.6252, 1
4, 9346, 2, 0, 0, 1, 0.698266666666667, 1
4, 9347, 2, 0, 0, 1, 0.0744, 1
4, 9348, 2, 0, 0, 1, 0.694533333333333, 1
4, 9349, 2, 0, 0, 1, 0.780533333333333, 1
4, 9350, 2, 0, 0, 1, 0.1184, 1
4, 9351, 2, 0, 0, 1, 0.918266666666667, 1
4, 9352, 2, 0, 0, 1, 0.176933333333333, 1
4, 9353, 2, 0, 0, 1, 0.506933333333333, 1
4, 9354, 2, 0, 0, 1, 0.302666666666667, 1
4, 9355, 2, 0, 0, 1, 0.584666666666667, 1
4, 9356, 2, 0, 0, 1, 0.9292, 1
4, 9357, 2, 0, 0, 1, 0.438266666666667, 1
4, 9358, 2, 0, 0, 1, 0.754, 1
4, 9359, 2, 0, 1, 0, 0.022, 1
4, 9360, 2, 0, 0, 1, 0.320933333333333, 1
4, 9361, 2, 0, 0, 1, 0.342, 1
4, 9362, 2, 0, 0, 1, 0.758933333333333, 1
4, 9363, 2, 0, 1, 0, 0.0370666666666667, 1
4, 9364, 2, 0, 0, 1, 0.3856, 1
4, 9365, 2, 0, 0, 1, 0.3664, 1
4, 9366, 2, 0, 1, 0, 0.0405333333333333, 1
4, 9367, 2, 0, 0, 1, 0.0708, 1
4, 9368, 2, 0, 0, 1, 0.371333333333333, 1
4, 9369, 2, 0, 0, 1, 0.480666666666667, 1
4, 9370, 2, 0, 0, 1, 0.374266666666667, 1
4, 9371, 2, 0, 0, 1, 0.578933333333333, 1
4, 9372, 2, 0, 0, 1, 0.8956, 1
4, 9373, 2, 0, 0, 1, 0.855066666666667, 1
4, 9374, 2, 0, 0, 1, 0.849733333333333, 1
4, 9375, 2, 0, 0, 1, 0.294666666666667, 1
4, 9376, 2, 0, 0, 1, 0.9276, 1
4, 9377, 2, 0, 0, 1, 0.0733333333333333, 1
4, 9378, 2, 0, 0, 1, 0.9484, 1
4, 9379, 2, 0, 0, 1, 0.533466666666667, 1
4, 9380, 2, 0, 0, 1, 0.366133333333333, 1
4, 9381, 2, 0, 0, 1, 0.1116, 1
4, 9382, 2, 0, 0, 1, 0.228133333333333, 1
4, 9383, 2, 0, 0, 1, 0.406933333333333, 1
4, 9384, 2, 0, 0, 1, 0.6508, 1
4, 9385, 2, 0, 1, 0, 0.00946666666666667, 1
4, 9386, 2, 0, 0, 1, 0.837866666666667, 1
4, 9387, 2, 0, 0, 1, 0.942, 1
4, 9388, 2, 0, 0, 1, 0.3148, 1
4, 9389, 2, 1, 0, 0, 0.9868, 1
4, 9390, 2, 1, 0, 0, 0.990133333333333, 1
4, 9391, 2, 0, 0, 1, 0.545066666666667, 1
4, 9392, 2, 0, 0, 1, 0.220266666666667, 1
4, 9393, 2, 0, 0, 1, 0.932, 1
4, 9394, 2, 0, 0, 1, 0.8372, 1
4, 9395, 2, 0, 0, 1, 0.0898666666666667, 1
4, 9396, 2, 0, 1, 0, 0.0408, 1
4, 9397, 2, 0, 0, 1, 0.948266666666667, 1
4, 9398, 2, 0, 0, 1, 0.697066666666667, 1
4, 9399, 2, 0, 0, 1, 0.6248, 1
4, 9400, 2, 1, 0, 0, 0.998933333333333, 1
4, 9401, 2, 0, 0, 1, 0.375733333333333, 1
4, 9402, 2, 0, 0, 1, 0.2776, 1
4, 9403, 2, 0, 0, 1, 0.3872, 1
4, 9404, 2, 0, 1, 0, 0.0401333333333333, 1
4, 9405, 2, 0, 0, 1, 0.3176, 1
4, 9406, 2, 0, 0, 1, 0.412666666666667, 1
4, 9407, 2, 0, 0, 1, 0.555733333333333, 1
4, 9408, 2, 0, 0, 1, 0.648266666666667, 1
4, 9409, 2, 0, 0, 1, 0.2904, 1
4, 9410, 2, 0, 0, 1, 0.899333333333333, 1
4, 9411, 2, 0, 0, 1, 0.182, 1
4, 9412, 2, 0, 0, 1, 0.3364, 1
4, 9413, 2, 0, 0, 1, 0.676933333333333, 1
4, 9414, 2, 0, 0, 1, 0.901066666666667, 1
4, 9415, 2, 0, 0, 1, 0.631733333333333, 1
4, 9416, 2, 0, 0, 1, 0.4268, 1
4, 9417, 2, 0, 1, 0, 0.0346666666666667, 1
4, 9418, 2, 0, 0, 1, 0.0969333333333333, 1
4, 9419, 2, 0, 0, 1, 0.198666666666667, 1
4, 9420, 2, 0, 0, 1, 0.573866666666667, 1
4, 9421, 2, 0, 0, 1, 0.7956, 1
4, 9422, 2, 1, 0, 0, 0.993866666666667, 1
4, 9423, 2, 0, 0, 1, 0.218933333333333, 1
4, 9424, 2, 0, 0, 1, 0.821866666666667, 1
4, 9425, 2, 0, 0, 1, 0.585466666666667, 1
4, 9426, 2, 0, 1, 0, 0.0428, 1
4, 9427, 2, 0, 0, 1, 0.235333333333333, 1
4, 9428, 2, 0, 0, 1, 0.311466666666667, 1
4, 9429, 2, 0, 1, 0, 0.00853333333333333, 1
4, 9430, 2, 0, 0, 1, 0.897466666666667, 1
4, 9431, 2, 0, 0, 1, 0.766133333333333, 1
4, 9432, 2, 0, 0, 1, 0.703866666666667, 1
4, 9433, 2, 0, 0, 1, 0.7976, 1
4, 9434, 2, 0, 0, 1, 0.601466666666667, 1
4, 9435, 2, 0, 1, 0, 0.0142666666666667, 1
4, 9436, 2, 0, 0, 1, 0.9396, 1
4, 9437, 2, 0, 1, 0, 0.0185333333333333, 1
4, 9438, 2, 0, 0, 1, 0.214, 1
4, 9439, 2, 0, 0, 1, 0.2644, 1
4, 9440, 2, 1, 0, 0, 0.995866666666667, 1
4, 9441, 2, 0, 1, 0, 0.0192, 1
4, 9442, 2, 0, 0, 1, 0.789066666666667, 1
4, 9443, 2, 0, 0, 1, 0.521866666666667, 1
4, 9444, 2, 0, 0, 1, 0.0924, 1
4, 9445, 2, 0, 0, 1, 0.717066666666667, 1
4, 9446, 2, 0, 0, 1, 0.545866666666667, 1
4, 9447, 2, 0, 0, 1, 0.830533333333333, 1
4, 9448, 2, 0, 0, 1, 0.629733333333333, 1
4, 9449, 2, 0, 0, 1, 0.436933333333333, 1
4, 9450, 2, 0, 0, 1, 0.873866666666667, 1
4, 9451, 2, 0, 0, 1, 0.34, 1
4, 9452, 2, 0, 0, 1, 0.557866666666667, 1
4, 9453, 2, 0, 0, 1, 0.231466666666667, 1
4, 9454, 2, 0, 0, 1, 0.8052, 1
4, 9455, 2, 0, 0, 1, 0.972266666666667, 1
4, 9456, 2, 0, 0, 1, 0.785466666666667, 1
4, 9457, 2, 0, 1, 0, 0, 1
4, 9458, 2, 0, 0, 1, 0.840533333333333, 1
4, 9459, 2, 0, 0, 1, 0.556133333333333, 1
4, 9460, 2, 0, 0, 1, 0.596933333333333, 1
4, 9461, 2, 0, 0, 1, 0.5728, 1
4, 9462, 2, 0, 0, 1, 0.8872, 1
4, 9463, 2, 0, 0, 1, 0.568266666666667, 1
4, 9464, 2, 0, 0, 1, 0.3956, 1
4, 9465, 2, 0, 0, 1, 0.166266666666667, 1
4, 9466, 2, 0, 0, 1, 0.760933333333333, 1
4, 9467, 2, 0, 0, 1, 0.955466666666667, 1
4, 9468, 2, 0, 1, 0, 0.0390666666666667, 1
4, 9469, 2, 0, 1, 0, 0.014, 1
4, 9470, 2, 0, 1, 0, 0.0477333333333333, 1
4, 9471, 2, 0, 0, 1, 0.7568, 1
4, 9472, 2, 0, 1, 0, 0.0284, 1
4, 9473, 2, 0, 0, 1, 0.962933333333333, 1
4, 9474, 2, 1, 0, 0, 0.9968, 1
4, 9475, 2, 0, 0, 1, 0.6972, 1
4, 9476, 2, 0, 0, 1, 0.8256, 1
4, 9477, 2, 0, 0, 1, 0.149066666666667, 1
4, 9478, 2, 0, 0, 1, 0.929733333333333, 1
4, 9479, 2, 0, 0, 1, 0.888533333333333, 1
4, 9480, 2, 0, 0, 1, 0.786533333333333, 1
4, 9481, 2, 0, 0, 1, 0.646666666666667, 1
4, 9482, 2, 0, 0, 1, 0.465466666666667, 1
4, 9483, 2, 0, 0, 1, 0.598933333333333, 1
4, 9484, 2, 0, 0, 1, 0.287866666666667, 1
4, 9485, 2, 0, 0, 1, 0.642666666666667, 1
4, 9486, 2, 0, 1, 0, 0.0242666666666667, 1
4, 9487, 2, 0, 1, 0, 0.000666666666666667, 1
4, 9488, 2, 0, 0, 1, 0.6408, 1
4, 9489, 2, 0, 0, 1, 0.334533333333333, 1
4, 9490, 2, 0, 0, 1, 0.618266666666667, 1
4, 9491, 2, 0, 0, 1, 0.747733333333333, 1
4, 9492, 2, 0, 0, 1, 0.742, 1
4, 9493, 2, 0, 0, 1, 0.847066666666667, 1
4, 9494, 2, 0, 0, 1, 0.959733333333333, 1
4, 9495, 2, 0, 1, 0, 0.0148, 1
4, 9496, 2, 0, 0, 1, 0.210133333333333, 1
4, 9497, 2, 0, 0, 1, 0.655866666666667, 1
4, 9498, 2, 0, 0, 1, 0.397466666666667, 1
4, 9499, 2, 0, 0, 1, 0.0837333333333333, 1
4, 9500, 2, 0, 0, 1, 0.0605333333333333, 1
4, 9501, 2, 1, 0, 0, 0.991333333333333, 1
4, 9502, 2, 1, 0, 0, 0.9996, 1
4, 9503, 2, 1, 0, 0, 0.9992, 1
4, 9504, 2, 1, 0, 0, 0.9992, 1
4, 9505, 2, 1, 0, 0, 0.9996, 1
4, 9506, 2, 1, 0, 0, 0.9924, 1
4, 9507, 2, 1, 0, 0, 0.996266666666667, 1
4, 9508, 2, 1, 0, 0, 0.9968, 1
4, 9509, 2, 1, 0, 0, 0.998666666666667, 1
4, 9510, 2, 1, 0, 0, 0.998933333333333, 1
4, 9511, 2, 0, 0, 1, 0.9464, 1
4, 9512, 2, 1, 0, 0, 0.989466666666667, 1
4, 9513, 2, 1, 0, 0, 0.995733333333333, 1
4, 9514, 2, 1, 0, 0, 1, 1
4, 9515, 2, 1, 0, 0, 1, 1
4, 9516, 2, 1, 0, 0, 0.998666666666667, 1
4, 9517, 2, 1, 0, 0, 0.999733333333333, 1
4, 9518, 2, 1, 0, 0, 0.999866666666667, 1
4, 9519, 2, 1, 0, 0, 0.995733333333333, 1
4, 9520, 2, 1, 0, 0, 1, 1
4, 9521, 2, 1, 0, 0, 0.996533333333333, 1
4, 9522, 2, 1, 0, 0, 0.9992, 1
4, 9523, 2, 0, 0, 1, 0.951333333333333, 1
4, 9524, 2, 1, 0, 0, 1, 1
4, 9525, 2, 1, 0, 0, 0.994933333333333, 1
4, 9526, 2, 1, 0, 0, 1, 1
4, 9527, 2, 1, 0, 0, 0.995733333333333, 1
4, 9528, 2, 1, 0, 0, 0.9996, 1
4, 9529, 2, 1, 0, 0, 1, 1
4, 9530, 2, 1, 0, 0, 0.995333333333333, 1
4, 9531, 2, 1, 0, 0, 1, 1
4, 9532, 2, 1, 0, 0, 0.9912, 1
4, 9533, 2, 1, 0, 0, 0.999866666666667, 1
4, 9534, 2, 1, 0, 0, 0.998, 1
4, 9535, 2, 1, 0, 0, 0.998933333333333, 1
4, 9536, 2, 1, 0, 0, 1, 1
4, 9537, 2, 1, 0, 0, 0.9996, 1
4, 9538, 2, 1, 0, 0, 0.9908, 1
4, 9539, 2, 1, 0, 0, 0.9948, 1
4, 9540, 2, 1, 0, 0, 0.999466666666667, 1
4, 9541, 2, 1, 0, 0, 0.991066666666667, 1
4, 9542, 2, 1, 0, 0, 0.999866666666667, 1
4, 9543, 2, 1, 0, 0, 0.995866666666667, 1
4, 9544, 2, 1, 0, 0, 0.9936, 1
4, 9545, 2, 0, 0, 1, 0.972133333333333, 1
4, 9546, 2, 1, 0, 0, 1, 1
4, 9547, 2, 1, 0, 0, 0.999333333333333, 1
4, 9548, 2, 1, 0, 0, 1, 1
4, 9549, 2, 1, 0, 0, 0.997066666666667, 1
4, 9550, 2, 1, 0, 0, 1, 1
4, 9551, 2, 1, 0, 0, 1, 1
4, 9552, 2, 1, 0, 0, 0.9992, 1
4, 9553, 2, 1, 0, 0, 0.999733333333333, 1
4, 9554, 2, 1, 0, 0, 0.9996, 1
4, 9555, 2, 1, 0, 0, 0.999866666666667, 1
4, 9556, 2, 1, 0, 0, 1, 1
4, 9557, 2, 1, 0, 0, 0.996266666666667, 1
4, 9558, 2, 1, 0, 0, 0.993866666666667, 1
4, 9559, 2, 1, 0, 0, 1, 1
4, 9560, 2, 1, 0, 0, 0.999866666666667, 1
4, 9561, 2, 1, 0, 0, 0.992533333333333, 1
4, 9562, 2, 1, 0, 0, 0.993733333333333, 1
4, 9563, 2, 1, 0, 0, 1, 1
4, 9564, 2, 1, 0, 0, 0.999866666666667, 1
4, 9565, 2, 1, 0, 0, 0.9964, 1
4, 9566, 2, 1, 0, 0, 0.996666666666667, 1
4, 9567, 2, 1, 0, 0, 0.999466666666667, 1
4, 9568, 2, 1, 0, 0, 1, 1
4, 9569, 2, 1, 0, 0, 0.997466666666667, 1
4, 9570, 2, 1, 0, 0, 0.996133333333333, 1
4, 9571, 2, 1, 0, 0, 0.999866666666667, 1
4, 9572, 2, 1, 0, 0, 0.998, 1
4, 9573, 2, 1, 0, 0, 0.998133333333333, 1
4, 9574, 2, 1, 0, 0, 0.999466666666667, 1
4, 9575, 2, 1, 0, 0, 0.993466666666667, 1
4, 9576, 2, 1, 0, 0, 0.9812, 1
4, 9577, 2, 1, 0, 0, 0.996933333333333, 1
4, 9578, 2, 1, 0, 0, 0.999066666666667, 1
4, 9579, 2, 1, 0, 0, 1, 1
4, 9580, 2, 1, 0, 0, 0.9996, 1
4, 9581, 2, 1, 0, 0, 1, 1
4, 9582, 2, 1, 0, 0, 0.9928, 1
4, 9583, 2, 1, 0, 0, 0.999466666666667, 1
4, 9584, 2, 1, 0, 0, 0.998533333333333, 1
4, 9585, 2, 1, 0, 0, 0.999066666666667, 1
4, 9586, 2, 1, 0, 0, 0.994, 1
4, 9587, 2, 1, 0, 0, 0.996666666666667, 1
4, 9588, 2, 1, 0, 0, 1, 1
4, 9589, 2, 1, 0, 0, 0.999466666666667, 1
4, 9590, 2, 1, 0, 0, 0.994133333333333, 1
4, 9591, 2, 1, 0, 0, 0.9968, 1
4, 9592, 2, 0, 0, 1, 0.972933333333333, 1
4, 9593, 2, 1, 0, 0, 1, 1
4, 9594, 2, 1, 0, 0, 0.999866666666667, 1
4, 9595, 2, 1, 0, 0, 1, 1
4, 9596, 2, 1, 0, 0, 1, 1
4, 9597, 2, 1, 0, 0, 1, 1
4, 9598, 2, 1, 0, 0, 0.999866666666667, 1
4, 9599, 2, 1, 0, 0, 0.999733333333333, 1
4, 9600, 2, 1, 0, 0, 0.999866666666667, 1
4, 9601, 2, 1, 0, 0, 0.995333333333333, 1
4, 9602, 2, 1, 0, 0, 0.998133333333333, 1
4, 9603, 2, 1, 0, 0, 0.990266666666667, 1
4, 9604, 2, 1, 0, 0, 0.992266666666667, 1
4, 9605, 2, 1, 0, 0, 1, 1
4, 9606, 2, 1, 0, 0, 0.994133333333333, 1
4, 9607, 2, 1, 0, 0, 0.996, 1
4, 9608, 2, 1, 0, 0, 0.9984, 1
4, 9609, 2, 1, 0, 0, 1, 1
4, 9610, 2, 1, 0, 0, 0.999866666666667, 1
4, 9611, 2, 1, 0, 0, 0.983733333333333, 1
4, 9612, 2, 1, 0, 0, 0.9932, 1
4, 9613, 2, 1, 0, 0, 1, 1
4, 9614, 2, 1, 0, 0, 1, 1
4, 9615, 2, 1, 0, 0, 0.999066666666667, 1
4, 9616, 2, 1, 0, 0, 0.998266666666667, 1
4, 9617, 2, 1, 0, 0, 1, 1
4, 9618, 2, 1, 0, 0, 0.9992, 1
4, 9619, 2, 1, 0, 0, 0.9996, 1
4, 9620, 2, 1, 0, 0, 0.9988, 1
4, 9621, 2, 1, 0, 0, 0.9992, 1
4, 9622, 2, 0, 0, 1, 0.972666666666667, 1
4, 9623, 2, 1, 0, 0, 0.9996, 1
4, 9624, 2, 1, 0, 0, 0.9996, 1
4, 9625, 2, 1, 0, 0, 0.999733333333333, 1
4, 9626, 2, 1, 0, 0, 0.9996, 1
4, 9627, 2, 1, 0, 0, 0.997333333333333, 1
4, 9628, 2, 1, 0, 0, 0.999733333333333, 1
4, 9629, 2, 1, 0, 0, 0.9956, 1
4, 9630, 2, 1, 0, 0, 0.996533333333333, 1
4, 9631, 2, 1, 0, 0, 0.996266666666667, 1
4, 9632, 2, 1, 0, 0, 0.984133333333333, 1
4, 9633, 2, 1, 0, 0, 0.9928, 1
4, 9634, 2, 1, 0, 0, 0.999866666666667, 1
4, 9635, 2, 1, 0, 0, 0.995866666666667, 1
4, 9636, 2, 1, 0, 0, 0.9968, 1
4, 9637, 2, 1, 0, 0, 0.9992, 1
4, 9638, 2, 1, 0, 0, 1, 1
4, 9639, 2, 1, 0, 0, 1, 1
4, 9640, 2, 1, 0, 0, 0.996266666666667, 1
4, 9641, 2, 1, 0, 0, 0.999866666666667, 1
4, 9642, 2, 1, 0, 0, 0.995866666666667, 1
4, 9643, 2, 1, 0, 0, 1, 1
4, 9644, 2, 1, 0, 0, 0.999866666666667, 1
4, 9645, 2, 1, 0, 0, 0.9976, 1
4, 9646, 2, 1, 0, 0, 0.999466666666667, 1
4, 9647, 2, 1, 0, 0, 0.992266666666667, 1
4, 9648, 2, 1, 0, 0, 0.995866666666667, 1
4, 9649, 2, 1, 0, 0, 0.9988, 1
4, 9650, 2, 1, 0, 0, 0.989733333333333, 1
4, 9651, 2, 1, 0, 0, 0.995333333333333, 1
4, 9652, 2, 1, 0, 0, 0.996666666666667, 1
4, 9653, 2, 1, 0, 0, 0.991333333333333, 1
4, 9654, 2, 1, 0, 0, 0.999733333333333, 1
4, 9655, 2, 1, 0, 0, 1, 1
4, 9656, 2, 1, 0, 0, 0.982533333333333, 1
4, 9657, 2, 1, 0, 0, 0.9944, 1
4, 9658, 2, 1, 0, 0, 0.9984, 1
4, 9659, 2, 1, 0, 0, 0.993333333333333, 1
4, 9660, 2, 1, 0, 0, 0.999733333333333, 1
4, 9661, 2, 1, 0, 0, 0.996933333333333, 1
4, 9662, 2, 1, 0, 0, 0.991866666666667, 1
4, 9663, 2, 1, 0, 0, 0.9936, 1
4, 9664, 2, 1, 0, 0, 0.994, 1
4, 9665, 2, 1, 0, 0, 0.998933333333333, 1
4, 9666, 2, 1, 0, 0, 0.990666666666667, 1
4, 9667, 2, 0, 0, 1, 0.904, 1
4, 9668, 2, 1, 0, 0, 0.996666666666667, 1
4, 9669, 2, 1, 0, 0, 0.998533333333333, 1
4, 9670, 2, 1, 0, 0, 0.9968, 1
4, 9671, 2, 1, 0, 0, 0.998266666666667, 1
4, 9672, 2, 1, 0, 0, 1, 1
4, 9673, 2, 1, 0, 0, 0.999733333333333, 1
4, 9674, 2, 1, 0, 0, 0.999466666666667, 1
4, 9675, 2, 1, 0, 0, 0.999066666666667, 1
4, 9676, 2, 1, 0, 0, 0.994933333333333, 1
4, 9677, 2, 1, 0, 0, 0.996666666666667, 1
4, 9678, 2, 0, 0, 1, 0.948933333333333, 1
4, 9679, 2, 1, 0, 0, 0.999866666666667, 1
4, 9680, 2, 1, 0, 0, 1, 1
4, 9681, 2, 1, 0, 0, 0.9996, 1
4, 9682, 2, 0, 0, 1, 0.9068, 1
4, 9683, 2, 1, 0, 0, 0.998666666666667, 1
4, 9684, 2, 1, 0, 0, 0.9948, 1
4, 9685, 2, 1, 0, 0, 1, 1
4, 9686, 2, 1, 0, 0, 0.9808, 1
4, 9687, 2, 1, 0, 0, 0.999333333333333, 1
4, 9688, 2, 1, 0, 0, 0.998133333333333, 1
4, 9689, 2, 1, 0, 0, 0.990666666666667, 1
4, 9690, 2, 1, 0, 0, 0.9964, 1
4, 9691, 2, 0, 0, 1, 0.932, 1
4, 9692, 2, 1, 0, 0, 0.9992, 1
4, 9693, 2, 1, 0, 0, 0.997466666666667, 1
4, 9694, 2, 1, 0, 0, 1, 1
4, 9695, 2, 1, 0, 0, 0.9988, 1
4, 9696, 2, 0, 0, 1, 0.937866666666667, 1
4, 9697, 2, 1, 0, 0, 1, 1
4, 9698, 2, 1, 0, 0, 0.9992, 1
4, 9699, 2, 1, 0, 0, 0.998666666666667, 1
4, 9700, 2, 1, 0, 0, 0.992933333333333, 1
4, 9701, 2, 1, 0, 0, 0.996933333333333, 1
4, 9702, 2, 1, 0, 0, 0.995733333333333, 1
4, 9703, 2, 1, 0, 0, 0.996666666666667, 1
4, 9704, 2, 1, 0, 0, 0.988533333333333, 1
4, 9705, 2, 1, 0, 0, 0.9968, 1
4, 9706, 2, 1, 0, 0, 0.9972, 1
4, 9707, 2, 1, 0, 0, 0.994266666666667, 1
4, 9708, 2, 1, 0, 0, 1, 1
4, 9709, 2, 1, 0, 0, 0.992933333333333, 1
4, 9710, 2, 1, 0, 0, 0.992266666666667, 1
4, 9711, 2, 1, 0, 0, 0.999733333333333, 1
4, 9712, 2, 1, 0, 0, 0.9976, 1
4, 9713, 2, 1, 0, 0, 0.994533333333333, 1
4, 9714, 2, 1, 0, 0, 0.999466666666667, 1
4, 9715, 2, 1, 0, 0, 1, 1
4, 9716, 2, 1, 0, 0, 0.997333333333333, 1
4, 9717, 2, 1, 0, 0, 1, 1
4, 9718, 2, 0, 0, 1, 0.962666666666667, 1
4, 9719, 2, 1, 0, 0, 0.999866666666667, 1
4, 9720, 2, 1, 0, 0, 0.995866666666667, 1
4, 9721, 2, 0, 0, 1, 0.972133333333333, 1
4, 9722, 2, 1, 0, 0, 0.998933333333333, 1
4, 9723, 2, 1, 0, 0, 0.999866666666667, 1
4, 9724, 2, 1, 0, 0, 1, 1
4, 9725, 2, 1, 0, 0, 0.977066666666667, 1
4, 9726, 2, 1, 0, 0, 0.993333333333333, 1
4, 9727, 2, 1, 0, 0, 0.997066666666667, 1
4, 9728, 2, 1, 0, 0, 0.9944, 1
4, 9729, 2, 1, 0, 0, 1, 1
4, 9730, 2, 1, 0, 0, 0.997333333333333, 1
4, 9731, 2, 1, 0, 0, 0.9952, 1
4, 9732, 2, 1, 0, 0, 0.997066666666667, 1
4, 9733, 2, 1, 0, 0, 0.997333333333333, 1
4, 9734, 2, 0, 0, 1, 0.973066666666667, 1
4, 9735, 2, 1, 0, 0, 0.991733333333333, 1
4, 9736, 2, 1, 0, 0, 0.998, 1
4, 9737, 2, 1, 0, 0, 0.999333333333333, 1
4, 9738, 2, 1, 0, 0, 0.9988, 1
4, 9739, 2, 1, 0, 0, 0.999866666666667, 1
4, 9740, 2, 1, 0, 0, 1, 1
4, 9741, 2, 1, 0, 0, 0.9976, 1
4, 9742, 2, 1, 0, 0, 0.997333333333333, 1
4, 9743, 2, 1, 0, 0, 0.999466666666667, 1
4, 9744, 2, 1, 0, 0, 0.997333333333333, 1
4, 9745, 2, 1, 0, 0, 0.999066666666667, 1
4, 9746, 2, 1, 0, 0, 0.997866666666667, 1
4, 9747, 2, 1, 0, 0, 0.999466666666667, 1
4, 9748, 2, 1, 0, 0, 0.9968, 1
4, 9749, 2, 1, 0, 0, 0.996533333333333, 1
4, 9750, 2, 1, 0, 0, 0.9864, 1
4, 9751, 2, 1, 0, 0, 0.999333333333333, 1
4, 9752, 2, 1, 0, 0, 0.997466666666667, 1
4, 9753, 2, 1, 0, 0, 0.997066666666667, 1
4, 9754, 2, 1, 0, 0, 0.994266666666667, 1
4, 9755, 2, 1, 0, 0, 0.999866666666667, 1
4, 9756, 2, 1, 0, 0, 0.999333333333333, 1
4, 9757, 2, 1, 0, 0, 0.999866666666667, 1
4, 9758, 2, 1, 0, 0, 0.998666666666667, 1
4, 9759, 2, 1, 0, 0, 0.992, 1
4, 9760, 2, 1, 0, 0, 0.999866666666667, 1
4, 9761, 2, 1, 0, 0, 1, 1
4, 9762, 2, 1, 0, 0, 0.998, 1
4, 9763, 2, 1, 0, 0, 1, 1
4, 9764, 2, 1, 0, 0, 0.999333333333333, 1
4, 9765, 2, 1, 0, 0, 0.990533333333333, 1
4, 9766, 2, 1, 0, 0, 0.997466666666667, 1
4, 9767, 2, 1, 0, 0, 0.9988, 1
4, 9768, 2, 1, 0, 0, 1, 1
4, 9769, 2, 1, 0, 0, 0.994133333333333, 1
4, 9770, 2, 1, 0, 0, 0.999866666666667, 1
4, 9771, 2, 1, 0, 0, 0.995866666666667, 1
4, 9772, 2, 1, 0, 0, 0.998666666666667, 1
4, 9773, 2, 1, 0, 0, 0.9996, 1
4, 9774, 2, 1, 0, 0, 0.998933333333333, 1
4, 9775, 2, 1, 0, 0, 0.999866666666667, 1
4, 9776, 2, 1, 0, 0, 0.999733333333333, 1
4, 9777, 2, 1, 0, 0, 0.9992, 1
4, 9778, 2, 1, 0, 0, 0.997066666666667, 1
4, 9779, 2, 1, 0, 0, 1, 1
4, 9780, 2, 1, 0, 0, 0.9904, 1
4, 9781, 2, 1, 0, 0, 0.9968, 1
4, 9782, 2, 1, 0, 0, 0.999733333333333, 1
4, 9783, 2, 1, 0, 0, 1, 1
4, 9784, 2, 1, 0, 0, 0.998, 1
4, 9785, 2, 1, 0, 0, 0.995333333333333, 1
4, 9786, 2, 1, 0, 0, 1, 1
4, 9787, 2, 1, 0, 0, 0.990933333333333, 1
4, 9788, 2, 1, 0, 0, 0.9984, 1
4, 9789, 2, 1, 0, 0, 0.998666666666667, 1
4, 9790, 2, 1, 0, 0, 1, 1
4, 9791, 2, 1, 0, 0, 0.9944, 1
4, 9792, 2, 1, 0, 0, 0.9976, 1
4, 9793, 2, 1, 0, 0, 0.995733333333333, 1
4, 9794, 2, 0, 0, 1, 0.883866666666667, 1
4, 9795, 2, 1, 0, 0, 0.999866666666667, 1
4, 9796, 2, 1, 0, 0, 1, 1
4, 9797, 2, 1, 0, 0, 0.997066666666667, 1
4, 9798, 2, 1, 0, 0, 0.994533333333333, 1
4, 9799, 2, 1, 0, 0, 1, 1
4, 9800, 2, 1, 0, 0, 0.999466666666667, 1
4, 9801, 2, 0, 0, 1, 0.926, 1
4, 9802, 2, 1, 0, 0, 0.997333333333333, 1
4, 9803, 2, 1, 0, 0, 0.999866666666667, 1
4, 9804, 2, 1, 0, 0, 0.999733333333333, 1
4, 9805, 2, 1, 0, 0, 0.9932, 1
4, 9806, 2, 1, 0, 0, 0.999866666666667, 1
4, 9807, 2, 1, 0, 0, 0.999866666666667, 1
4, 9808, 2, 1, 0, 0, 0.999466666666667, 1
4, 9809, 2, 1, 0, 0, 0.9904, 1
4, 9810, 2, 1, 0, 0, 0.998666666666667, 1
4, 9811, 2, 1, 0, 0, 1, 1
4, 9812, 2, 1, 0, 0, 0.994533333333333, 1
4, 9813, 2, 1, 0, 0, 0.999733333333333, 1
4, 9814, 2, 1, 0, 0, 0.993733333333333, 1
4, 9815, 2, 1, 0, 0, 0.999866666666667, 1
4, 9816, 2, 1, 0, 0, 0.996266666666667, 1
4, 9817, 2, 1, 0, 0, 0.9964, 1
4, 9818, 2, 1, 0, 0, 1, 1
4, 9819, 2, 1, 0, 0, 0.992533333333333, 1
4, 9820, 2, 1, 0, 0, 0.991733333333333, 1
4, 9821, 2, 1, 0, 0, 0.9996, 1
4, 9822, 2, 1, 0, 0, 0.995066666666667, 1
4, 9823, 2, 1, 0, 0, 0.999733333333333, 1
4, 9824, 2, 1, 0, 0, 0.999733333333333, 1
4, 9825, 2, 1, 0, 0, 0.9908, 1
4, 9826, 2, 1, 0, 0, 0.990666666666667, 1
4, 9827, 2, 1, 0, 0, 1, 1
4, 9828, 2, 1, 0, 0, 0.9992, 1
4, 9829, 2, 1, 0, 0, 0.996266666666667, 1
4, 9830, 2, 1, 0, 0, 0.998, 1
4, 9831, 2, 1, 0, 0, 1, 1
4, 9832, 2, 1, 0, 0, 1, 1
4, 9833, 2, 1, 0, 0, 0.9996, 1
4, 9834, 2, 1, 0, 0, 0.996933333333333, 1
4, 9835, 2, 1, 0, 0, 0.998933333333333, 1
4, 9836, 2, 1, 0, 0, 0.999866666666667, 1
4, 9837, 2, 1, 0, 0, 0.9996, 1
4, 9838, 2, 1, 0, 0, 0.994666666666667, 1
4, 9839, 2, 1, 0, 0, 0.992666666666667, 1
4, 9840, 2, 1, 0, 0, 0.984, 1
4, 9841, 2, 1, 0, 0, 0.999466666666667, 1
4, 9842, 2, 1, 0, 0, 0.992266666666667, 1
4, 9843, 2, 1, 0, 0, 1, 1
4, 9844, 2, 1, 0, 0, 0.999866666666667, 1
4, 9845, 2, 1, 0, 0, 0.998133333333333, 1
4, 9846, 2, 1, 0, 0, 0.998666666666667, 1
4, 9847, 2, 1, 0, 0, 0.998133333333333, 1
4, 9848, 2, 1, 0, 0, 1, 1
4, 9849, 2, 1, 0, 0, 0.998266666666667, 1
4, 9850, 2, 1, 0, 0, 0.9992, 1
4, 9851, 2, 1, 0, 0, 0.9988, 1
4, 9852, 2, 1, 0, 0, 1, 1
4, 9853, 2, 1, 0, 0, 0.998933333333333, 1
4, 9854, 2, 1, 0, 0, 0.9864, 1
4, 9855, 2, 1, 0, 0, 0.997733333333333, 1
4, 9856, 2, 1, 0, 0, 0.999733333333333, 1
4, 9857, 2, 1, 0, 0, 0.997866666666667, 1
4, 9858, 2, 1, 0, 0, 0.999466666666667, 1
4, 9859, 2, 1, 0, 0, 0.999866666666667, 1
4, 9860, 2, 1, 0, 0, 1, 1
4, 9861, 2, 1, 0, 0, 0.995866666666667, 1
4, 9862, 2, 1, 0, 0, 0.994533333333333, 1
4, 9863, 2, 1, 0, 0, 0.999733333333333, 1
4, 9864, 2, 1, 0, 0, 0.997066666666667, 1
4, 9865, 2, 1, 0, 0, 0.999866666666667, 1
4, 9866, 2, 1, 0, 0, 0.997466666666667, 1
4, 9867, 2, 1, 0, 0, 0.9996, 1
4, 9868, 2, 1, 0, 0, 0.998533333333333, 1
4, 9869, 2, 1, 0, 0, 0.9988, 1
4, 9870, 2, 1, 0, 0, 0.999466666666667, 1
4, 9871, 2, 1, 0, 0, 0.9976, 1
4, 9872, 2, 1, 0, 0, 0.993333333333333, 1
4, 9873, 2, 1, 0, 0, 0.9996, 1
4, 9874, 2, 1, 0, 0, 0.998933333333333, 1
4, 9875, 2, 1, 0, 0, 0.997866666666667, 1
4, 9876, 2, 1, 0, 0, 0.998266666666667, 1
4, 9877, 2, 1, 0, 0, 1, 1
4, 9878, 2, 1, 0, 0, 0.997866666666667, 1
4, 9879, 2, 1, 0, 0, 0.996533333333333, 1
4, 9880, 2, 1, 0, 0, 0.9992, 1
4, 9881, 2, 1, 0, 0, 0.997733333333333, 1
4, 9882, 2, 1, 0, 0, 0.998666666666667, 1
4, 9883, 2, 1, 0, 0, 0.9972, 1
4, 9884, 2, 1, 0, 0, 0.9812, 1
4, 9885, 2, 1, 0, 0, 1, 1
4, 9886, 2, 1, 0, 0, 0.999866666666667, 1
4, 9887, 2, 1, 0, 0, 0.9968, 1
4, 9888, 2, 1, 0, 0, 0.997733333333333, 1
4, 9889, 2, 1, 0, 0, 0.997733333333333, 1
4, 9890, 2, 1, 0, 0, 0.999733333333333, 1
4, 9891, 2, 1, 0, 0, 1, 1
4, 9892, 2, 1, 0, 0, 0.9984, 1
4, 9893, 2, 1, 0, 0, 1, 1
4, 9894, 2, 1, 0, 0, 0.9992, 1
4, 9895, 2, 1, 0, 0, 1, 1
4, 9896, 2, 1, 0, 0, 0.9964, 1
4, 9897, 2, 1, 0, 0, 0.994266666666667, 1
4, 9898, 2, 1, 0, 0, 1, 1
4, 9899, 2, 1, 0, 0, 0.9992, 1
4, 9900, 2, 1, 0, 0, 0.9964, 1
4, 9901, 2, 1, 0, 0, 0.9912, 1
4, 9902, 2, 1, 0, 0, 1, 1
4, 9903, 2, 1, 0, 0, 0.999866666666667, 1
4, 9904, 2, 1, 0, 0, 0.996266666666667, 1
4, 9905, 2, 1, 0, 0, 0.9992, 1
4, 9906, 2, 1, 0, 0, 0.996533333333333, 1
4, 9907, 2, 0, 0, 1, 0.9372, 1
4, 9908, 2, 0, 0, 1, 0.946266666666667, 1
4, 9909, 2, 1, 0, 0, 0.997333333333333, 1
4, 9910, 2, 1, 0, 0, 0.999333333333333, 1
4, 9911, 2, 1, 0, 0, 1, 1
4, 9912, 2, 1, 0, 0, 0.993066666666667, 1
4, 9913, 2, 1, 0, 0, 0.992533333333333, 1
4, 9914, 2, 1, 0, 0, 0.999866666666667, 1
4, 9915, 2, 1, 0, 0, 1, 1
4, 9916, 2, 1, 0, 0, 0.999066666666667, 1
4, 9917, 2, 1, 0, 0, 0.998, 1
4, 9918, 2, 1, 0, 0, 0.999733333333333, 1
4, 9919, 2, 1, 0, 0, 0.9952, 1
4, 9920, 2, 1, 0, 0, 1, 1
4, 9921, 2, 1, 0, 0, 0.991866666666667, 1
4, 9922, 2, 1, 0, 0, 0.999333333333333, 1
4, 9923, 2, 1, 0, 0, 0.9964, 1
4, 9924, 2, 1, 0, 0, 0.9968, 1
4, 9925, 2, 1, 0, 0, 0.998666666666667, 1
4, 9926, 2, 1, 0, 0, 0.995866666666667, 1
4, 9927, 2, 1, 0, 0, 1, 1
4, 9928, 2, 1, 0, 0, 0.994133333333333, 1
4, 9929, 2, 1, 0, 0, 0.9956, 1
4, 9930, 2, 1, 0, 0, 0.992533333333333, 1
4, 9931, 2, 1, 0, 0, 1, 1
4, 9932, 2, 1, 0, 0, 0.991866666666667, 1
4, 9933, 2, 1, 0, 0, 0.9968, 1
4, 9934, 2, 1, 0, 0, 1, 1
4, 9935, 2, 1, 0, 0, 0.994933333333333, 1
4, 9936, 2, 1, 0, 0, 0.9932, 1
4, 9937, 2, 1, 0, 0, 0.998133333333333, 1
4, 9938, 2, 1, 0, 0, 0.999733333333333, 1
4, 9939, 2, 1, 0, 0, 0.990933333333333, 1
4, 9940, 2, 1, 0, 0, 0.999333333333333, 1
4, 9941, 2, 1, 0, 0, 0.998, 1
4, 9942, 2, 1, 0, 0, 0.979466666666667, 1
4, 9943, 2, 1, 0, 0, 0.999733333333333, 1
4, 9944, 2, 1, 0, 0, 0.997866666666667, 1
4, 9945, 2, 1, 0, 0, 0.997066666666667, 1
4, 9946, 2, 1, 0, 0, 0.998933333333333, 1
4, 9947, 2, 1, 0, 0, 0.99, 1
4, 9948, 2, 1, 0, 0, 1, 1
4, 9949, 2, 1, 0, 0, 1, 1
4, 9950, 2, 1, 0, 0, 0.999466666666667, 1
4, 9951, 2, 1, 0, 0, 1, 1
4, 9952, 2, 1, 0, 0, 0.995333333333333, 1
4, 9953, 2, 1, 0, 0, 0.995866666666667, 1
4, 9954, 2, 1, 0, 0, 0.998933333333333, 1
4, 9955, 2, 1, 0, 0, 0.990133333333333, 1
4, 9956, 2, 1, 0, 0, 0.998133333333333, 1
4, 9957, 2, 1, 0, 0, 0.997466666666667, 1
4, 9958, 2, 1, 0, 0, 0.9756, 1
4, 9959, 2, 1, 0, 0, 0.998933333333333, 1
4, 9960, 2, 0, 0, 1, 0.974133333333333, 1
4, 9961, 2, 1, 0, 0, 0.999066666666667, 1
4, 9962, 2, 1, 0, 0, 0.994133333333333, 1
4, 9963, 2, 1, 0, 0, 1, 1
4, 9964, 2, 1, 0, 0, 1, 1
4, 9965, 2, 1, 0, 0, 0.998933333333333, 1
4, 9966, 2, 1, 0, 0, 0.998933333333333, 1
4, 9967, 2, 1, 0, 0, 0.999066666666667, 1
4, 9968, 2, 1, 0, 0, 0.999466666666667, 1
4, 9969, 2, 1, 0, 0, 0.999866666666667, 1
4, 9970, 2, 1, 0, 0, 0.998933333333333, 1
4, 9971, 2, 1, 0, 0, 0.998133333333333, 1
4, 9972, 2, 1, 0, 0, 0.996533333333333, 1
4, 9973, 2, 1, 0, 0, 0.992533333333333, 1
4, 9974, 2, 1, 0, 0, 0.9992, 1
4, 9975, 2, 1, 0, 0, 0.9936, 1
4, 9976, 2, 1, 0, 0, 0.9996, 1
4, 9977, 2, 1, 0, 0, 0.996266666666667, 1
4, 9978, 2, 1, 0, 0, 0.992266666666667, 1
4, 9979, 2, 1, 0, 0, 0.999733333333333, 1
4, 9980, 2, 1, 0, 0, 0.999866666666667, 1
4, 9981, 2, 1, 0, 0, 0.9996, 1
4, 9982, 2, 1, 0, 0, 1, 1
4, 9983, 2, 1, 0, 0, 0.990933333333333, 1
4, 9984, 2, 1, 0, 0, 0.9876, 1
4, 9985, 2, 0, 0, 1, 0.969066666666667, 1
4, 9986, 2, 1, 0, 0, 1, 1
4, 9987, 2, 1, 0, 0, 0.9796, 1
4, 9988, 2, 1, 0, 0, 0.997866666666667, 1
4, 9989, 2, 1, 0, 0, 0.995066666666667, 1
4, 9990, 2, 1, 0, 0, 0.999733333333333, 1
4, 9991, 2, 1, 0, 0, 0.991733333333333, 1
4, 9992, 2, 1, 0, 0, 0.999333333333333, 1
4, 9993, 2, 1, 0, 0, 0.995866666666667, 1
4, 9994, 2, 1, 0, 0, 0.9988, 1
4, 9995, 2, 0, 0, 1, 0.9452, 1
4, 9996, 2, 1, 0, 0, 0.992133333333333, 1
4, 9997, 2, 1, 0, 0, 0.997066666666667, 1
4, 9998, 2, 1, 0, 0, 0.9952, 1
4, 9999, 2, 1, 0, 0, 1, 1
4, 10000, 2, 1, 0, 0, 1, 1
